12366.204
18875.275
10959.475
15881.978
12378.292
15431.542
14934.523
30422.281
12955.508
15425.018
16920.623
26480.041
26260.803
16559.154
14345.096
24834.855
13706.656
25078.209
21378.045
16009.068
20545.006
11979.533
17450.355
16917.512
15529.049
15536.248
21399.057
32187.2
12775.8125
11518.257
22317.836
28379.764
13482.806
10665.017
19298.4
15958.366
16231.0
19913.408
15010.904
14280.48
19895.104
10700.111
38568.95
23426.883
10837.339
25531.814
26277.018
7147.8936
13286.641
13098.922
16599.082
17895.543
15627.091
15012.76
11383.907
20142.117
11703.688
14030.184
15970.527
20648.287
21528.855
17822.361
21100.121
13311.841
37694.94
31346.412
19108.32
9228.113
8879.313
26366.527
21226.371
19682.674
18138.281
15597.75
14295.036
11763.96
11305.376
24295.996
16071.508
12359.509
12271.373
32825.72
13140.589
34590.24
15304.542
21289.38
26124.44
15565.6045
17962.676
24450.682
25961.273
21545.53
17732.473
15362.328
32441.11
14202.751
18324.47
13883.908
11348.435
22464.28
19912.25
19298.89
32359.791
18981.227
34810.76
17829.205
19753.25
15495.457
20373.775
11784.479
18787.232
13653.909
26619.67
19500.785
12067.673
11705.385
21598.95
21402.994
17372.918
22747.26
10944.672
15688.402
22169.36
14989.313
20594.951
21185.977
16819.9
11013.475
14445.202
12469.832
20588.627
18490.889
17994.105
12530.154
23326.254
20106.2
35351.72
11553.697
25374.99
34459.117
12692.918
16117.778
19704.29
22009.703
24154.09
10425.297
19822.85
23937.04
24439.95
8448.723
47701.438
17643.082
16416.91
7921.6987
17465.02
19128.645
22497.021
27042.809
15981.516
23134.145
21010.344
16061.776
17571.545
21573.229
14450.406
12244.136
14079.011
16089.62
19193.43
14194.673
28146.709
13086.935
14750.6045
21771.604
13140.323
15802.858
8917.086
23753.746
11644.615
18987.482
13428.472
28850.77
20003.035
26112.771
12213.091
19627.611
18666.166
17451.414
22971.03
19930.934
30246.695
13371.766
29565.99
17618.422
16566.541
22910.42
20663.713
27590.273
21909.127
17686.729
19195.746
22164.12
11913.161
19213.885
24236.383
20286.924
16664.152
17547.459
12765.196
34689.926
15077.883
27136.55
26045.7
18954.758
14626.426
13697.028
14197.84
18938.691
14288.977
18858.352
30664.51
11097.704
29897.09
14606.496
13112.554
14194.038
19538.21
18116.38
13364.748
16852.623
18536.129
9596.271
13452.51
14102.567
12976.667
12433.925
22737.309
18813.799
14730.598
11362.243
24224.045
13463.641
18076.016
9446.02
20006.043
23085.06
11656.667
28111.838
19987.625
14932.614
10992.364
9538.581
14614.507
26089.1
20007.107
22544.793
25033.059
20994.256
11708.811
18519.834
20049.416
13803.307
11275.853
22123.912
25276.615
9116.609
24987.875
18109.08
14997.34
29943.438
11522.547
16948.135
49484.92
23404.506
16171.344
26959.93
14071.371
9977.001
38165.15
19380.578
19304.107
15701.87
19791.936
15388.237
13728.152
26758.412
18246.756
21134.582
14792.325
17706.105
23575.121
28616.76
26473.154
13950.775
17418.451
20739.758
31090.11
21320.809
31220.51
21358.389
27401.504
20627.037
16773.246
15482.32
25231.318
16999.004
16469.502
24994.635
17343.957
23852.498
9894.625
25867.434
32133.379
19738.52
12605.713
9604.004
22842.693
31037.854
23421.312
12978.791
20458.45
19955.732
18253.346
12139.405
7986.079
26208.988
11975.564
13053.199
18684.865
20393.725
18763.234
22823.96
26501.496
21180.479
18672.488
17016.598
20692.8
22803.863
15300.065
21286.639
17730.814
30972.678
15312.501
17196.082
12839.237
18955.8
24113.35
14145.867
12951.042
24638.975
13440.334
17013.52
21147.11
13042.06
17016.479
24167.064
23787.031
24550.188
21242.89
26662.477
19891.98
44920.035
38023.227
20534.678
12857.849
20307.605
10741.617
12759.5205
18769.49
18952.658
26342.713
19891.53
23379.193
12464.778
10195.591
32771.816
16688.885
18163.854
12948.275
11116.204
13634.709
27414.209
15468.823
12780.862
8720.727
20029.807
21516.008
16083.848
39519.504
13364.243
18399.137
13896.38
15449.402
14728.476
19656.096
15764.518
19682.105
19770.814
10713.029
41222.484
23370.64
8404.255
21422.58
23600.86
22584.248
10371.738
13561.9375
23607.457
23414.148
19523.94
16175.241
16479.16
24764.115
31427.781
36486.77
14073.253
10810.646
19031.137
15114.017
39034.16
22885.63
14448.897
20856.488
23485.947
18574.516
16493.125
15710.228
16097.981
25652.533
14280.279
28382.783
13060.185
29971.643
13698.2705
15611.193
23118.541
13949.1875
24938.24
8076.5366
17499.812
22453.234
10651.63
12075.866
13187.287
12639.512
21963.549
18369.953
9992.101
11931.787
16877.723
14211.887
20830.72
26064.967
18330.725
22815.379
12650.552
15961.192
14346.14
26367.967
24182.148
31513.986
27133.172
23816.22
18912.014
20711.854
14757.572
24382.496
21043.791
23051.174
24385.78
20984.365
21430.87
18715.848
14568.719
19589.098
16814.023
15554.48
11461.119
23779.326
22411.238
21880.344
10081.551
14885.748
16569.262
13710.602
22426.395
13918.465
12048.678
12945.032
14051.288
11008.75
18558.082
16917.393
14054.203
14216.417
25006.432
15411.487
13920.9795
17222.455
11678.915
24818.613
15751.573
7807.6357
17626.895
13374.945
11646.314
12147.535
13823.358
17672.627
19146.969
14629.917
31394.404
21829.309
16664.95
12486.688
14157.316
16433.084
32470.047
15288.352
13595.216
16183.368
12460.976
28924.041
17580.08
26524.84
26521.742
13325.658
18410.035
12236.849
18682.3
10933.489
11706.862
16758.855
8845.694
19138.064
11347.621
32022.32
22728.914
13317.868
9953.227
32068.584
19924.248
17153.96
12213.881
9659.756
10744.244
23639.459
14552.676
11988.189
16883.922
21545.23
13239.817
18535.863
25714.541
15156.915
22101.318
18736.848
21829.564
15856.688
17235.586
22918.826
7389.889
28463.197
15335.135
15043.262
17045.562
13939.12
14501.193
16193.591
35237.43
18577.314
37641.613
30887.514
19987.629
19118.557
18477.363
13929.51
11025.024
12575.569
13279.054
10421.918
18926.14
19427.867
12108.491
15736.4375
16415.473
23474.652
23575.734
15104.766
32281.26
25155.99
22385.32
9617.949
12912.898
11396.139
9415.124
15046.993
45487.89
16934.037
13462.731
6549.7305
18524.496
17190.348
16914.273
19686.273
13353.105
19642.818
25099.174
17383.943
9902.635
18616.553
19755.203
31872.29
31558.668
17083.299
16652.725
21283.98
24044.432
19876.84
21497.691
13847.838
17648.566
20377.13
13287.671
19796.332
26894.95
19795.219
20410.436
22890.889
20374.93
36920.477
20882.04
18038.22
15498.552
19362.203
14753.448
19030.27
21828.654
13566.034
42673.73
12220.482
11335.815
20028.916
12856.838
23590.275
20846.072
18414.756
11356.106
19182.21
20746.201
27980.14
19536.879
17889.742
8696.092
11413.827
22250.053
13771.628
31613.49
13551.729
19679.17
16229.311
17454.428
14508.192
31429.602
15035.905
22530.203
22418.31
22967.326
14621.276
13479.59
21752.49
26927.62
35112.914
18115.873
14214.893
17089.35
8277.619
10636.197
26603.996
16647.67
12716.9795
14732.745
14530.368
30542.898
23155.568
13772.407
11798.43
16370.793
21104.152
26131.39
21714.223
27872.12
20087.06
13162.013
15252.849
30322.818
40786.19
13891.241
31186.89
15575.372
21975.53
23295.143
18156.553
36289.56
10932.073
22255.346
14622.551
13588.6
43521.6
20366.12
11627.229
16609.887
19361.344
18201.934
14265.397
14861.401
7308.3364
16645.355
16040.746
13805.248
34290.727
22481.621
15498.159
16948.307
15284.354
18297.166
22555.102
12550.735
11159.982
25225.44
7648.1187
20007.574
20580.754
14043.444
15719.561
20811.742
13438.772
10414.446
12848.988
15101.927
37781.312
19577.11
18709.719
15414.543
22415.844
11949.277
16353.41
31578.688
16323.35
14905.81
13562.118
14652.306
19418.857
12682.956
27569.557
11572.732
13451.36
11484.53
16801.812
9736.387
13375.492
20739.643
13027.719
11653.746
28986.707
16010.899
18987.295
8736.923
14772.19
14207.979
15749.596
13905.033
15343.878
9995.26
9330.634
33478.363
9494.488
23003.635
10649.231
16333.034
27477.062
11331.151
17233.678
13180.967
10925.756
9809.55
25933.342
23655.102
15511.823
12962.363
17140.877
12637.961
16306.999
15455.291
20390.717
18870.98
31312.125
16784.656
15406.661
8572.434
13530.761
16662.588
26430.96
20341.592
15606.571
14990.23
12517.526
28312.713
25449.158
9580.477
11779.708
14079.814
20766.857
12238.279
17013.16
9992.931
19165.207
16794.229
30685.852
30656.096
41737.066
16214.281
18150.045
37102.977
18620.936
26541.793
18419.312
27431.256
7718.1484
13041.535
10888.81
15953.939
12014.341
21187.486
14100.632
10301.716
7129.0156
13106.293
20449.568
20151.705
14268.1
26844.508
16057.402
16455.303
19084.85
19679.412
9577.443
29726.97
15218.404
12671.016
13921.525
16396.459
10559.357
29989.24
14530.029
20197.467
14201.675
25729.906
6608.5405
14727.471
23212.924
14793.167
10865.853
21805.803
12457.082
26365.666
21183.021
15732.094
12025.68
22079.303
14495.375
24725.988
10314.599
14973.174
16755.129
12800.399
16823.113
21158.16
21865.893
40090.695
13723.108
18712.086
14460.382
9521.232
20542.516
24427.615
32570.12
15590.403
14976.847
24913.854
16078.747
19123.025
47425.4
14866.217
10426.508
12832.639
25491.672
10565.371
13722.628
26184.947
7321.4453
10303.104
19734.36
17790.182
25375.467
23824.416
17663.928
18726.35
16958.508
12934.816
17891.637
13083.27
9575.203
19042.53
32956.816
16550.092
8991.694
25322.996
11241.799
10942.436
21066.299
21514.436
16038.38
25426.896
13133.995
18643.19
22497.986
13774.859
15193.273
12901.712
18889.021
18609.025
20110.662
9967.808
17272.787
15126.615
17292.057
18778.291
13387.347
15838.625
15717.727
15516.748
16384.184
19869.242
9121.514
10557.687
13242.479
17240.562
14509.612
21830.96
11928.826
20449.527
13533.63
13648.281
20664.703
26908.602
17922.662
11863.19
12384.692
15783.779
26452.256
21810.787
20947.977
25434.348
13381.497
18637.0
35036.504
9293.955
19299.535
22449.504
32843.957
23763.654
22640.578
18693.744
18258.287
21017.62
32591.383
17871.107
13242.989
12803.184
15706.16
10221.095
9377.431
22832.365
35983.61
20999.975
12561.822
20452.23
20147.547
15764.095
16977.705
13563.284
15885.872
12864.19
23165.807
7398.8813
11241.354
11286.486
21061.742
20698.986
16724.977
13221.214
19045.94
15760.18
8231.166
9266.851
35858.48
18732.87
12294.268
8330.023
18462.822
9337.966
15981.175
17368.924
19186.195
35632.57
19991.328
10730.339
13283.434
34768.266
9453.304
24199.04
16366.577
17449.951
18374.844
24624.725
12759.029
20372.297
11864.255
27242.357
12476.733
21410.684
23847.74
8821.054
15413.912
25196.314
18970.293
15821.913
14827.367
17059.996
22182.674
14306.889
25064.096
16650.105
12532.74
22793.781
26179.342
18636.305
13584.35
15414.8545
42041.324
22703.01
12497.977
16881.395
24486.621
21467.342
52796.605
28234.264
21189.63
12888.822
12816.027
20142.953
11961.514
25758.062
32434.908
13436.877
17228.0
9917.785
23874.668
14790.601
20984.826
23300.53
12457.325
21996.86
38628.277
18920.82
18145.854
19936.428
35691.273
12126.388
18391.656
9407.859
14388.61
30764.322
23706.787
14680.541
20233.582
9884.702
19007.312
19037.58
20409.008
13432.776
15768.081
23102.89
15101.438
13355.846
16756.361
16922.604
13926.985
16156.164
32547.951
13018.439
19749.049
19417.814
16002.339
14816.425
22006.89
19909.582
23100.188
24172.014
30850.174
10713.91
15885.5625
12991.953
17993.525
14644.667
21644.12
19788.38
31114.79
21664.184
20370.201
8734.502
19322.174
19870.268
14969.377
20509.816
16314.27
18207.178
23181.482
18764.932
20444.0
19737.797
18804.617
32335.105
14570.493
24111.025
35291.137
14942.691
23527.725
14986.966
17473.664
30016.041
17795.043
11931.497
25144.164
11413.094
20480.857
25699.266
11365.9375
16636.664
19361.559
13691.0
25732.883
15168.839
22557.49
12853.089
15209.468
17501.625
19723.627
13010.651
23302.322
14908.509
12335.342
14191.576
14352.027
18961.273
17224.893
21295.344
11595.297
17884.414
18939.3
41968.207
16890.59
12734.677
19078.492
28712.068
13107.215
12743.148
12326.433
26495.7
15551.012
19486.055
13788.158
18297.176
11234.193
22870.867
15645.602
19024.398
18111.93
18897.605
11363.417
19103.404
16709.97
23820.115
10137.65
19163.42
13953.97
17781.773
18514.514
12713.183
20592.932
37476.51
15479.736
20808.217
17170.836
17808.16
27623.068
13819.925
13402.693
16681.988
11035.353
21556.883
20647.53
19285.125
20529.707
40383.28
17172.217
16357.1045
18264.723
20349.94
11474.451
16469.293
12211.949
22245.436
17839.605
15830.559
24700.285
13232.604
21740.959
17814.676
18911.234
12501.006
20218.23
10199.181
12992.186
17324.207
20519.727
11711.137
10727.279
29271.877
10258.407
19897.354
24238.934
14688.563
12621.181
15249.501
24255.553
16396.025
26765.67
15351.868
14609.595
15542.352
14007.567
14716.332
41113.895
26408.852
15051.991
8342.616
21442.186
16413.973
14595.701
11660.301
25917.326
19940.83
19484.129
18867.213
16704.139
25326.92
13438.053
14332.419
42640.43
9472.856
15516.447
17410.291
14203.765
14027.255
16036.028
17541.287
25128.627
13480.735
11699.096
18893.447
13736.292
19670.055
15514.53
10872.077
21015.072
14992.831
10591.3955
18495.113
11832.314
28608.854
30568.62
13665.279
15308.723
25800.586
18729.922
26544.168
13574.19
17389.885
8979.187
10552.015
21372.992
14138.0205
12118.023
14668.578
13576.703
19846.08
22069.992
12638.176
10206.623
18836.201
22289.379
12776.024
10912.178
13714.789
16852.29
26301.668
9852.731
17719.586
25421.219
22138.32
19324.361
19973.982
13578.978
23156.105
17862.424
53243.9
31404.63
40712.918
7534.555
11332.964
34099.438
20619.938
14136.761
20066.98
11750.888
12648.364
11642.243
25029.656
24985.56
15332.579
10682.17
23723.63
29875.842
14130.274
12900.113
13285.341
11873.426
32073.084
18462.951
15529.629
22843.402
16469.959
16606.03
39957.41
13068.499
15469.154
20084.781
16078.29
12308.123
14790.343
42886.367
26634.8
14013.426
12516.807
12314.832
18504.828
24120.969
22037.787
12467.3
18124.57
11200.632
12486.966
19796.787
7887.883
24239.484
15035.091
15919.28
22296.031
16797.99
31851.383
25451.902
12541.525
22854.133
12955.114
22240.53
19965.537
27662.03
29566.514
20869.865
21026.252
18947.514
14549.71
12436.836
21030.213
16563.953
24460.764
22607.713
16512.324
13119.173
13689.98
18271.502
21322.271
18894.764
13075.795
24685.072
16394.744
17105.62
23151.236
20454.04
16613.775
16421.916
24639.29
24788.934
11792.99
16735.842
14606.188
11468.359
20583.053
19413.2
15310.09
14423.151
31468.947
9578.157
12159.013
26716.395
24867.162
16365.826
20896.904
15572.253
16568.521
17607.576
26673.348
14950.45
14463.489
22360.123
12409.224
16456.879
20351.523
18719.33
16226.273
17818.309
22422.156
11463.283
12855.265
12923.766
19131.64
11795.111
28260.0
14162.04
21868.738
23111.834
19789.05
14100.026
21982.893
10151.306
18124.92
16608.12
12633.828
10356.368
35648.598
21040.666
11220.698
12065.729
14803.634
26829.623
17037.14
30786.57
14270.059
12190.195
34715.93
27207.424
20119.27
20701.385
22500.145
18345.098
22323.84
20184.547
13100.35
18830.062
15466.568
18423.648
11139.1
12407.051
14359.649
21255.727
11093.446
15083.488
17839.574
18758.238
8541.962
12872.164
20098.656
16386.229
24779.066
14990.141
11983.936
13314.687
14932.929
16401.285
24014.514
9875.382
45112.973
15435.183
12428.494
31222.662
23312.617
13571.529
23772.38
17411.525
13983.404
20947.06
10675.429
14041.911
9291.797
12969.909
21109.934
17472.137
22537.865
24662.652
17084.924
15650.709
12984.794
19838.344
21546.51
19013.406
14987.702
15718.805
18870.23
18243.807
11805.988
11840.004
13997.2
11863.536
15092.567
17224.248
49338.68
23098.71
17906.037
9732.306
12383.269
14235.527
11440.095
19297.846
11259.932
16700.088
34719.38
26253.291
12173.418
11465.83
19631.16
25462.076
16267.305
21665.428
8385.67
11674.649
10019.632
23167.604
21899.537
15994.969
14605.597
29841.46
21249.035
23715.934
18233.371
17455.988
24913.775
18534.785
30335.496
19238.043
16181.636
15941.398
16851.477
13615.603
30261.672
13412.575
19908.244
8592.647
19974.084
15172.158
30191.94
29605.379
12274.849
14583.601
16841.258
19283.969
19813.445
14968.674
11255.514
11303.455
9000.467
17393.832
27892.986
30612.795
13165.626
18074.51
12433.136
22955.803
11294.872
15891.315
25775.879
10947.836
18008.273
16480.055
17121.734
14811.38
20546.7
14894.219
9309.04
16174.986
24396.117
17805.447
11482.668
13356.222
15320.006
30548.43
26157.223
13178.666
11973.198
27231.873
29366.541
21489.412
13464.412
19521.785
9778.665
10670.368
17420.088
12756.627
26417.514
17885.424
26124.86
21022.611
17988.68
20037.354
12196.525
13254.248
16442.299
21166.686
27023.08
8778.517
22326.494
13136.364
31917.582
28336.645
19296.154
36868.75
16634.703
15534.249
18589.004
11578.248
16698.803
9683.341
18380.893
16024.66
15496.973
22793.326
21743.871
10496.791
16513.893
20201.13
4431.104
7931.282
11667.505
18177.32
32033.559
27865.283
13495.641
16470.975
23478.703
14844.307
13184.779
20347.875
11970.557
18840.645
36685.23
14374.135
20616.95
34701.29
16882.467
15560.886
21304.465
19638.818
12602.624
17085.186
15775.481
18581.182
20296.822
36276.1
20196.377
15308.297
22704.26
24455.818
23785.809
14326.102
25274.934
18068.275
10162.249
24057.97
28929.232
19240.086
24164.143
21803.098
12426.761
28493.533
17134.0
10324.144
11895.366
18947.115
22585.736
30226.076
17078.2
18247.07
19256.344
12398.763
14725.323
11780.295
12304.392
38006.816
17123.34
12719.17
26686.541
30022.984
20319.475
17571.55
12406.133
23918.902
35708.02
23409.0
20685.512
11662.975
21900.246
16049.82
11531.693
18138.984
12523.674
9036.8545
9169.263
27620.871
27691.822
10347.064
14077.084
12343.971
13166.457
20386.582
23033.695
18296.314
12458.144
16068.14
13145.422
19852.615
14524.04
13745.175
18238.7
17132.71
14945.837
18441.377
15906.96
22156.543
20249.469
18909.22
15655.793
27746.967
16325.145
20703.906
14273.486
15230.303
16691.879
19653.055
14093.894
17930.54
26255.645
21453.86
33708.82
13668.263
17546.719
18869.17
12949.094
20465.422
11958.499
10636.387
12149.831
14205.6045
13209.996
29584.09
11038.152
22806.018
15890.965
16227.784
22649.316
18605.143
11337.91
11986.659
13100.035
20436.594
21863.994
21861.45
19125.574
25986.986
11010.179
15888.149
13221.431
17105.076
32218.66
18173.63
26685.973
16892.5
24007.92
20057.44
23049.967
14116.167
21664.82
25988.35
7627.9004
9541.8545
14487.232
15778.168
24934.844
11399.941
13037.473
20215.555
13873.191
19845.133
13759.091
19880.307
14172.072
16110.443
14348.455
13631.245
12894.118
14189.686
11668.325
31488.814
14800.962
17171.133
11579.633
17546.277
23413.033
28033.268
21585.908
12619.982
14017.289
13000.842
13984.076
14448.229
23331.604
24904.15
14918.924
15591.212
18957.805
12192.957
20739.625
11404.872
13424.233
21047.303
19140.03
12241.278
17821.078
20343.883
24341.564
29741.652
29836.166
16948.17
17907.627
10646.444
13637.894
14392.089
6753.1636
13313.641
20235.652
17406.643
16411.684
13376.884
16760.832
22772.787
32984.855
37536.266
30608.725
18270.512
19604.135
20854.695
15500.276
21071.617
18169.195
24191.59
13214.813
22907.504
15426.067
13693.894
19498.756
28737.232
32622.799
17218.559
22353.502
13893.678
13149.276
19975.0
26344.324
21606.64
12395.488
14143.809
11835.451
15167.329
15011.95
20064.127
17947.174
13250.299
14524.543
20265.195
28334.373
28954.004
16289.071
20864.457
15981.171
13761.218
6623.6123
15679.019
9699.811
13971.43
18823.281
37460.332
16607.42
20236.426
13246.787
21049.395
23222.316
12041.465
12718.655
16544.445
11393.648
14148.895
12647.158
19511.154
19945.709
12847.395
12886.427
10091.697
34828.29
36729.402
18566.035
16386.059
9553.978
20665.889
17420.164
9766.415
27913.207
20560.475
15730.573
19599.256
19619.988
23018.002
25969.078
10882.305
30753.064
15069.969
14543.927
26366.348
24869.033
12943.292
13212.038
12323.502
11581.259
14874.709
11405.371
13366.693
7076.2896
14949.062
17958.941
12181.149
44818.75
16927.436
13336.732
13100.888
17625.379
15237.053
13130.429
17883.098
14127.077
9490.176
23489.043
28004.875
15761.77
20340.344
33574.48
17571.514
37360.953
16368.37
19215.812
19831.865
10760.834
16815.434
10974.866
12184.233
18396.793
24103.258
11059.699
16563.605
26807.645
12611.356
24396.443
16763.547
13246.291
7816.428
18780.967
14982.61
16727.084
17132.242
22443.674
19100.387
20080.744
17894.018
24453.828
11525.147
19083.004
27254.8
24146.748
17622.121
16112.546
23249.998
19932.348
21711.426
23559.324
22762.54
17665.346
18374.518
14266.933
18506.008
12719.002
12718.835
16564.352
30263.223
12953.229
29011.852
28474.715
18568.566
17078.795
17195.67
24402.111
18555.355
13282.145
12588.059
17031.06
19405.322
11293.973
26773.664
19938.998
19210.236
18609.889
16318.791
22095.766
26202.7
14247.933
46134.996
16895.098
18989.29
23286.627
14441.826
23415.664
11887.264
23402.887
20049.068
17198.188
20720.848
12060.007
16310.726
17296.447
19189.809
21018.703
26107.498
12464.766
14072.399
17627.512
14733.527
32715.62
12618.708
13141.708
20527.582
16328.329
25239.049
15811.787
26526.477
24813.5
16786.96
19134.371
15005.5
16775.59
27217.266
17224.055
21363.24
21217.258
13456.136
14207.002
13471.331
15245.228
17470.98
14013.738
9671.207
12871.835
16937.314
22690.312
8670.135
25973.477
26505.98
15016.682
12943.648
20541.941
10314.637
19981.176
11705.653
19617.865
16518.314
7514.8706
12255.906
43290.75
15155.377
13072.889
14844.679
19743.758
25020.107
15971.819
7680.586
19249.53
25239.535
13255.235
19462.654
12244.432
16864.764
15261.214
11040.696
12126.885
12243.679
18953.078
14662.097
20446.459
29598.326
12287.07
27735.105
16165.971
29570.81
24517.623
20421.24
12651.476
11887.421
22342.137
16844.533
11260.5625
16652.084
18336.385
21650.57
15743.688
14891.699
17263.324
32786.63
9181.312
19854.518
21628.46
19903.44
14676.031
15654.784
16794.135
14654.489
14587.63
27671.68
17728.283
15968.315
19746.389
26778.248
15481.329
11806.302
13570.168
19245.398
12003.647
19023.053
18650.703
18913.695
22180.453
17786.516
13477.985
24920.797
23027.477
12423.298
9167.054
14288.826
19831.45
13754.75
27649.475
17712.828
15225.167
17861.791
16805.102
32539.309
15900.801
15054.298
21031.885
10028.036
14120.545
19405.34
15292.49
13786.061
13740.225
19010.615
18385.879
19501.902
23478.664
16921.805
15559.666
9037.083
13307.661
25828.453
16340.654
11985.48
13660.227
23415.873
13987.662
16922.045
13951.439
24406.023
23213.93
29198.32
20542.836
23425.574
20256.934
22951.566
12892.692
21153.615
12260.771
19639.262
18262.654
30273.555
18315.781
19948.61
18852.117
25720.22
14991.771
14638.529
13117.786
17843.33
32697.287
14481.937
20444.572
21063.361
21371.998
26669.027
18964.557
13666.853
11545.655
15895.112
20594.295
13889.63
20954.578
22356.535
9893.462
22196.959
16207.574
19893.584
19943.83
15121.169
13545.074
13076.747
20883.482
13432.917
27293.574
20229.896
20502.71
15413.211
9778.658
12334.507
15188.852
43827.09
24641.264
19907.572
11924.987
20980.74
11052.534
8712.773
12443.138
13029.922
14885.302
12218.986
8869.735
9249.159
11366.174
13419.4
16788.184
17114.01
23134.281
20473.545
11067.009
23238.936
30831.795
16852.229
27020.531
12915.577
18146.613
18664.684
18038.986
19165.05
20054.637
20604.594
24058.205
17778.223
26040.156
18302.355
15688.925
16516.66
21361.277
25005.89
21268.348
16117.621
25189.5
7231.1685
9726.085
17918.291
32420.719
15606.011
15696.177
16014.532
18878.059
11864.474
23105.553
22615.35
20044.357
12571.574
11195.231
10210.034
15707.859
24582.27
12674.83
19042.12
12011.985
19226.818
13076.043
12048.529
20566.389
23365.977
20107.527
24711.096
11119.173
22954.723
18079.121
25092.725
12265.547
19879.984
13135.963
8716.864
24496.377
12819.102
18668.125
22084.857
12099.895
16780.16
20323.732
16415.432
14418.082
14247.547
20079.182
12111.774
26997.756
22792.955
16812.256
12539.632
16131.294
21080.408
20784.158
14251.307
13197.019
18326.998
13576.894
22257.732
19639.379
8650.6875
29554.354
23680.525
12275.549
12443.845
11668.241
18768.277
35309.266
9789.061
17671.412
17098.277
14478.58
36679.293
13917.924
12357.052
13895.979
11363.462
13243.574
35664.77
13262.078
11449.011
10517.092
19244.674
19979.988
25662.2
15793.787
9206.94
18957.957
22474.082
11697.002
12994.172
12806.411
9318.64
11652.26
51467.375
13166.03
23322.834
14379.945
17667.604
19541.102
10644.926
21795.242
15062.12
10960.315
11654.423
16944.877
10867.255
13216.385
12946.612
14977.878
12920.779
12934.822
20697.416
14875.838
20902.5
12228.095
12011.007
19704.688
20637.752
18561.047
19094.203
12688.73
17298.227
20983.127
8046.692
11694.594
11997.147
12335.94
23244.607
29995.932
16920.004
20572.672
26626.465
10809.603
34739.867
16842.13
8854.166
11555.336
23104.768
14221.914
12755.576
12017.304
14572.397
26471.846
20575.182
12398.075
10919.457
23227.885
16745.107
29616.418
15245.306
9629.599
22770.475
19825.443
23384.857
13781.971
15453.926
19195.746
17404.936
17428.496
20027.217
14465.123
19167.064
13129.629
16299.64
11854.133
9421.3545
17007.672
15909.03
14415.84
25073.117
20419.148
19818.54
17841.188
28447.838
22101.455
18754.766
20917.742
20525.312
14239.136
25925.678
10810.615
11371.827
12238.794
20204.373
12718.464
14646.348
9756.8125
7492.8145
11381.375
18870.566
21427.121
20969.518
27352.547
14584.901
12009.243
23674.443
15508.113
10814.85
15506.983
14268.429
12139.605
19692.955
22489.605
12556.826
13032.205
14511.953
19226.209
16293.659
22803.957
17021.996
12114.604
23916.416
27918.78
33550.47
21698.29
14131.825
18830.322
21204.89
13654.76
11330.13
15354.749
20597.613
23390.83
10037.158
20728.275
21373.732
18585.043
9864.966
20018.889
24596.754
13827.095
36040.43
14647.11
12438.863
13862.255
14388.63
13865.1875
12769.553
23506.71
26508.143
24984.832
11609.019
10173.7
13610.534
37778.586
9144.32
32053.818
20954.6
32779.156
19756.62
28216.691
35023.242
13006.403
19281.412
20598.777
7593.9
41593.35
14869.947
21459.967
20889.373
21952.523
21759.758
11646.51
13046.923
26138.723
35000.29
9307.877
11934.375
14576.736
13093.146
14018.172
21844.164
11973.309
12965.704
17580.223
9265.079
17433.418
11996.47
25837.342
15017.177
12582.048
19449.441
12490.277
20006.145
16218.865
12316.341
35273.633
20520.973
15434.31
15582.953
16361.842
16108.612
15124.627
16883.955
18732.459
36743.574
24092.96
15336.577
30742.094
36728.176
27534.082
11901.464
14085.036
12246.38
15765.527
14563.085
13313.118
12357.158
23266.055
12216.62
13019.619
26922.787
18993.469
15652.893
14901.092
15331.502
9338.339
15596.231
21827.482
11160.051
11150.157
14710.497
25152.736
22908.877
10775.226
24770.787
16579.246
22996.02
13631.03
14101.322
16546.252
15596.469
10601.831
21530.781
29416.463
10215.087
15217.007
49803.17
14167.643
8465.062
9875.487
18265.668
17356.27
24312.5
15043.922
20691.371
25499.748
17112.06
21733.89
12964.459
12782.43
37468.062
15465.993
19000.672
9543.243
15347.672
10433.176
14877.893
10724.181
14264.025
16697.264
14212.128
8825.486
21620.006
16826.777
9547.896
21097.057
7845.4717
15576.926
16793.488
13180.696
17037.223
18110.543
12724.02
12134.52
25883.104
12185.641
12458.859
18911.135
20895.023
20025.846
33597.605
11457.794
19488.21
14300.455
24114.053
14985.117
15366.422
24260.04
12380.371
18021.738
22403.281
24841.52
17090.416
22486.215
28352.697
16184.319
12141.357
20308.537
18517.088
23177.395
14661.154
11563.512
20808.324
13917.166
15534.154
17706.355
24097.77
14102.314
17789.516
17926.021
8467.898
14031.252
22541.428
13139.937
20037.562
20349.234
21807.197
12890.031
15897.198
13561.879
17057.814
18174.57
18501.973
18284.613
14501.639
22829.781
10524.639
13607.159
15790.111
16661.316
15603.076
22211.549
22404.576
14888.022
36807.336
11226.556
14766.95
20981.896
18107.506
17872.63
18960.61
13601.526
13433.667
13055.136
19091.787
12103.041
17932.166
24352.754
14082.4
13773.72
24940.137
31963.35
15478.264
30416.885
16300.579
13817.766
10809.725
13598.036
23983.758
31338.602
19228.295
9540.08
15544.104
22153.445
18715.92
36058.66
14214.329
12033.969
19834.006
21256.598
25451.223
10744.07
24251.018
8511.993
15746.626
14648.544
15622.712
16356.345
11132.801
23256.502
13709.093
12396.528
15628.921
20377.523
26816.371
13407.886
21658.443
12051.567
14368.694
17879.936
14432.965
13317.703
12926.683
12462.742
14368.317
17173.703
12333.485
17068.041
11215.078
25772.053
13347.665
20594.74
18986.695
19688.955
19760.818
10668.049
14731.773
9349.098
22182.164
20649.465
17536.154
9143.441
16831.602
27259.164
11565.699
9620.86
14922.683
6644.2256
17275.25
28484.785
29171.68
19761.13
16948.098
17210.695
33933.707
12312.739
12567.822
12911.279
8667.894
14099.571
20381.219
20321.576
18557.389
29879.588
14145.422
26615.162
11189.563
14711.021
15141.269
12361.154
20948.637
35532.395
14527.552
11689.38
13456.41
20416.088
27956.717
12258.113
18235.156
19520.723
27852.904
12687.352
27952.262
21760.498
13844.474
15925.703
23831.264
20673.406
12340.443
21166.57
22803.146
24554.004
27279.113
18422.893
12645.882
27291.8
12908.269
13913.55
16846.727
23101.943
11357.756
11858.225
10358.626
16696.975
16533.531
17703.447
24903.793
14017.648
13665.644
13983.443
8327.69
17874.889
12545.982
20990.26
12115.46
17739.723
25925.756
16800.824
26140.605
23020.898
14228.075
15870.953
16167.464
12609.503
14015.479
17451.818
14769.234
8031.923
16039.195
16508.32
19607.676
15790.09
23985.07
18131.793
12689.2295
20306.807
18875.582
11917.36
14287.441
18844.072
18519.473
12853.213
14313.013
16934.54
21133.7
21831.121
15387.541
25613.457
22419.084
18544.121
30354.975
19308.455
22868.82
22907.443
19454.908
13765.595
20859.518
16262.005
10707.498
17845.434
13071.879
10387.21
17608.63
11613.208
9148.708
16768.418
18921.88
13880.372
13015.835
26900.346
13745.709
13875.336
16477.855
32172.168
22430.74
13460.94
17459.215
43612.566
17180.32
17229.652
28086.225
14942.996
12797.943
16944.375
24647.12
14558.18
14293.788
15443.791
13982.426
27956.816
23636.23
13175.487
15617.177
13242.039
21787.559
14623.519
39703.438
9195.525
16427.383
18392.14
17297.826
8472.56
8528.748
14900.759
21864.78
22651.477
14088.794
14678.367
16756.043
15865.325
31254.662
19142.842
34289.938
13423.188
24640.83
15822.207
23657.67
13551.518
12909.239
11839.876
36601.367
19069.873
13410.369
14662.642
19300.922
36763.02
15578.71
19916.412
15676.988
6784.496
16314.266
12798.563
14680.983
13006.36
7863.6235
20109.32
10349.349
15502.048
21850.727
16418.164
30582.25
24337.809
27348.697
23560.758
16116.927
15599.674
33033.164
20321.605
13901.683
12288.091
19597.24
19299.576
25449.984
13437.49
16206.729
25811.172
20097.912
12486.87
22600.3
16820.219
19711.389
15761.13
28430.135
13629.853
10593.105
23613.322
9012.943
15165.026
23583.451
12111.96
22595.639
13436.306
12441.305
16070.009
19765.771
28305.566
20255.066
14612.474
19776.916
20909.725
13411.896
22603.299
18364.232
12515.18
20047.633
42593.203
15294.665
12389.404
15322.596
15404.678
20147.262
16586.773
41261.234
12792.656
17231.602
15260.422
10269.233
16605.879
12632.097
23592.297
12962.513
13838.491
24058.639
14535.765
19953.166
35027.277
21922.928
14126.398
15195.139
12143.62
16856.836
15203.414
16522.89
15852.362
41946.344
23167.404
18261.402
7757.8887
14058.038
18424.814
30288.404
22154.457
21715.105
10530.607
23386.107
28130.922
18341.615
12678.555
13439.751
15536.693
16118.384
17758.379
17704.867
12712.582
19376.736
10294.3545
11499.037
20209.836
16255.177
16530.668
15048.317
13514.877
15107.249
11985.878
24418.559
27647.453
11205.131
15233.923
11326.999
30248.432
24658.25
10499.423
21058.178
15819.258
32489.277
20176.816
13842.947
21016.174
13596.302
21650.04
19260.89
28706.209
12981.2705
19006.152
12292.671
20456.729
26284.479
8368.202
20666.162
9357.551
9479.442
37524.258
13496.5
13643.138
14688.33
14473.08
14905.973
20804.229
11982.16
21838.719
16441.248
15257.81
12159.741
14341.212
16376.915
12835.221
13368.924
22705.695
19308.428
13824.503
17971.688
27320.799
21896.988
12620.66
34309.367
12064.285
18549.312
22912.19
14419.384
15963.821
15315.934
15812.893
12720.24
19833.12
23476.746
11190.929
22072.023
12367.649
30778.285
13710.414
12217.712
18290.49
21874.955
25448.547
24337.855
9029.498
22668.428
19073.99
15185.937
23143.21
14025.033
13517.159
12521.261
19590.404
17465.033
15484.251
21906.941
8566.152
19972.596
20094.922
13964.836
16396.943
22894.896
15360.954
19369.945
14513.134
14325.062
12001.953
12398.535
12108.907
11449.301
14515.804
24119.107
15624.96
15253.846
39632.855
22978.29
15365.114
15302.176
21880.639
12161.126
9013.701
18717.068
16902.604
14693.779
18726.648
13666.183
16233.255
14295.9795
35120.35
10543.279
27186.312
17624.55
12645.559
19702.4
11876.483
14478.022
19883.873
16674.148
31188.844
17069.436
20226.443
24187.422
21443.547
22943.36
13001.687
12764.053
10586.935
28166.44
12681.758
16193.216
11574.97
27613.445
8791.025
20327.434
15943.995
18009.82
10758.735
25914.992
30912.674
21097.021
13734.865
23101.498
28917.365
9674.156
27305.527
11143.176
18653.16
9392.061
12223.37
22492.363
19862.4
15829.125
14368.794
13719.254
15609.478
23249.639
14065.84
20854.273
19478.707
15490.903
17194.297
19851.648
11319.183
20050.494
24982.06
16751.34
15495.9375
12433.038
12024.921
12631.7
18282.953
21509.996
20553.861
21370.1
25264.822
14614.967
20255.594
15594.05
11479.222
17345.33
22901.1
13367.428
13201.642
14820.891
26867.34
19314.117
14958.478
23436.855
15035.701
14722.304
9123.873
20069.902
15279.256
11120.046
12957.454
12519.893
19686.158
14257.728
14793.683
24510.426
18361.8
24035.918
14291.658
18109.363
23749.367
14556.817
12795.772
11759.753
14012.073
12244.1875
13196.02
10616.146
16975.857
15946.634
28183.684
14674.538
16978.826
14089.184
20234.896
21146.875
13069.951
25603.0
15634.969
28098.01
18046.752
19634.559
17611.145
44611.758
14510.584
24051.78
24533.646
11132.213
24903.281
12861.332
17391.26
17399.223
12786.5
12000.398
16427.125
18187.455
23635.775
12539.267
11579.941
18838.824
13800.77
11577.334
33364.508
25436.78
22020.945
12765.845
22241.615
20739.482
30605.484
20685.188
15144.921
22061.66
10324.5625
14290.498
15048.632
27833.746
17695.447
11540.105
18668.941
17094.416
15493.968
11978.309
8840.025
14433.585
11876.458
17413.822
17618.23
19007.943
18090.678
13407.923
8900.416
18958.135
16859.32
15536.104
15654.246
13055.005
21038.215
14986.459
13437.605
16257.556
17717.611
13429.074
23096.3
22071.258
15665.542
11269.379
25001.86
10692.853
13269.31
15229.147
10268.309
12951.915
23584.48
34925.47
24184.902
17622.088
11343.941
27333.38
16488.469
11250.709
14138.696
10592.799
12931.876
14373.07
13124.586
18926.422
13143.0625
17458.969
16555.947
14099.206
24485.95
13429.83
21276.613
23629.314
10495.686
18141.057
7558.805
21840.574
6708.042
24351.867
19330.36
11539.238
12058.02
25063.688
13959.094
14224.098
21904.312
25771.807
13358.522
22539.635
5825.7417
35360.395
23471.361
12835.419
12791.375
11244.776
17263.395
25827.229
19192.744
14488.473
16088.469
25474.55
12064.477
24126.838
18822.383
20317.73
19560.414
17091.725
10339.205
20269.455
13067.653
11282.788
19593.365
28090.678
15474.719
20088.076
26512.807
18725.906
37154.63
16221.63
27076.29
16572.877
23548.918
15236.973
12969.901
18236.184
17943.016
32695.033
14264.131
13004.112
14262.793
14548.733
18574.732
10283.9375
14293.873
11859.713
33607.75
14822.818
15341.063
10128.866
12809.666
18460.473
21279.035
17505.877
12784.403
17843.945
13693.592
33205.402
23801.031
13504.643
20805.03
22008.764
40136.086
16078.4795
22852.246
14585.542
12703.654
11395.969
20642.703
24895.646
15722.617
14403.288
9576.075
13931.687
12849.533
19691.111
19270.182
9474.489
14283.683
22664.879
15714.998
15461.14
27264.088
18461.436
22614.488
16134.008
18133.297
21413.201
22672.576
21496.627
12936.876
17358.018
9818.284
19781.883
38251.59
26671.875
37240.63
20142.188
14013.78
24068.895
22901.832
11892.632
13761.063
17360.105
9980.137
19887.52
13960.058
23399.541
10559.3955
16830.213
12271.951
8943.111
12081.4795
15500.873
21083.822
43028.08
15830.447
13759.914
19381.184
22409.104
14206.863
25636.568
16018.131
16774.824
17116.516
18890.107
20004.266
14632.976
18058.393
9673.522
13737.875
20622.572
8498.613
13926.211
11569.898
14138.062
13490.256
30997.797
10742.462
15932.31
20995.266
11320.332
35815.773
32213.273
20817.572
23190.016
12960.316
18839.172
8735.933
12647.863
33474.09
17200.68
36927.902
7162.9307
13954.315
19076.611
10932.93
22277.26
17734.541
17731.434
13893.158
14436.994
16554.512
20179.127
20209.697
20183.691
17909.008
17826.697
10297.928
23561.586
20646.812
15698.168
20782.639
16803.225
18365.021
14716.855
16563.871
22951.17
12515.859
34240.746
20533.516
10558.731
11643.34
15499.375
8898.068
15040.75
25321.203
16649.123
12111.605
12142.691
17048.271
12821.206
29788.756
11337.578
19755.395
22616.027
17281.572
20564.826
15093.248
32422.729
30316.09
15413.086
19487.443
13077.658
14678.4375
24711.658
11717.706
17163.445
16630.668
43538.418
16864.6
13402.824
14365.338
12928.49
22062.023
11264.689
24326.547
34919.92
11866.437
13479.685
13478.949
18515.75
14205.19
23813.492
13671.5
18706.576
18502.264
19177.26
36028.867
14139.17
13144.011
14748.983
25907.426
15844.232
12577.366
16599.416
9665.042
14512.288
23295.143
12887.271
36784.77
7753.2803
12434.649
28351.498
19132.297
15844.8125
20440.635
7728.8237
21126.469
22179.756
19455.268
11725.727
12785.089
12590.175
25070.85
11263.572
19014.031
19233.928
23723.105
14660.36
20339.77
17353.166
19022.277
18090.629
12885.03
8310.983
11737.711
18153.006
12881.628
12550.163
19724.91
16965.48
12192.294
18768.174
22511.727
17245.736
14628.935
6104.762
15521.545
32592.037
12493.771
17820.393
20791.725
19767.152
15500.45
17645.627
18385.754
21093.426
23305.406
21682.805
27494.86
11587.295
18699.809
14945.381
18721.006
29936.225
22299.994
15125.59
18434.941
18580.727
13161.943
15590.454
15452.047
13159.695
19926.621
15240.249
17108.254
11034.115
16493.854
13269.949
12932.61
19156.41
11831.525
21635.324
17556.98
19185.139
13067.335
17246.678
29224.223
18758.008
24149.705
16051.469
13778.36
17073.086
12557.811
24906.572
27972.066
15515.304
13461.084
29167.979
20606.666
12421.926
15752.397
13762.46
20312.27
7687.931
18801.295
11639.309
19148.35
17948.203
10969.084
9474.062
16801.367
12394.378
35295.984
15997.69
20172.545
15596.6875
14283.878
24510.654
11686.847
18767.664
12302.139
19367.09
12626.613
19484.154
19701.014
17932.98
13399.092
10365.667
21036.59
18284.432
23753.557
20230.58
20357.83
21264.408
15294.049
25767.096
13817.648
23160.58
19794.006
22065.59
15250.39
17179.486
17374.125
14076.767
21053.951
8667.827
10089.97
14429.691
11960.298
19636.064
22670.45
14592.356
18821.537
39370.62
26912.69
18525.277
10695.724
28897.613
11962.339
25789.281
21448.207
14236.189
20747.338
22900.568
14609.171
16204.736
13156.432
20544.088
13944.259
21309.344
12126.018
13404.75
20769.582
13178.153
13131.289
11185.428
19626.518
11960.58
22991.037
11853.864
15639.9
21136.734
22072.016
34439.703
34031.16
18395.686
18084.592
17742.422
13798.055
25100.502
11171.391
12877.42
29129.469
17488.588
22537.736
17110.56
12643.255
17189.328
9109.855
11781.002
20569.498
8415.539
28798.783
9581.787
13385.251
21351.652
19183.986
10785.33
16622.547
16616.06
16989.76
21097.465
11361.208
14422.45
12362.1
19456.617
13819.112
21706.658
26882.24
15274.188
20201.375
23894.664
8397.867
12377.791
15392.229
10914.314
23139.781
29557.55
11391.755
25740.959
11930.756
11252.226
12135.921
30190.926
11370.243
10369.884
19686.836
11151.479
18292.209
32913.363
17030.893
26238.555
9068.182
23083.287
16605.668
18429.527
8632.202
13530.886
20321.98
13024.8545
20116.17
32636.828
24076.75
13079.235
27077.564
13183.129
15271.694
19691.68
28391.398
14647.537
23465.51
12182.973
20150.762
18744.33
23158.297
21830.205
13095.023
22624.889
21562.193
20993.018
10886.231
12879.557
12344.546
30085.906
18773.254
33959.9
18769.2
21008.785
23827.156
13562.742
15886.923
17569.65
19128.678
20617.96
19864.738
17387.715
7024.4585
41592.85
16885.639
15267.187
11867.632
13254.32
24362.725
12074.82
14376.786
39583.125
24279.523
23875.812
22437.297
12445.445
18193.045
17882.785
14214.142
14403.081
14439.63
12097.803
12893.968
17905.234
15497.317
15505.209
18347.322
26996.662
20106.08
26652.033
12386.185
11783.698
20322.014
18140.502
23469.812
18430.33
16242.151
22097.299
13301.014
35249.51
12513.824
20217.908
16561.71
16374.272
23221.938
22317.824
17419.28
13211.09
25682.912
13690.957
19453.393
16279.211
16202.634
21282.098
19395.588
16702.533
22322.023
26001.336
18002.37
19901.178
24937.502
11755.339
13571.105
17632.092
19651.162
21630.773
8823.969
10683.9795
18132.729
30631.314
11973.327
10628.247
18940.49
14066.493
33592.344
19337.604
18186.082
22300.486
30466.984
19436.25
22473.55
15206.69
11721.62
17865.188
12516.35
17908.137
13864.57
20559.438
15323.307
19094.805
10380.294
12828.15
12687.042
14343.827
18840.66
12238.453
10830.047
41437.16
24882.363
19540.533
19319.148
14780.229
14847.908
24603.719
40120.344
8831.266
15367.58
17634.244
12561.956
18745.412
13813.463
26062.73
19446.71
22159.83
13231.125
11417.259
13002.256
23105.47
18277.904
19462.648
12735.121
13370.9795
25733.992
23149.918
19780.254
41669.98
29220.729
17601.469
17892.422
20812.426
15458.054
22285.41
18130.158
15613.751
24229.592
12301.309
14742.244
13156.807
18311.951
28912.818
37839.703
18275.285
13040.38
15470.078
11712.088
14800.546
12185.977
22888.734
14840.76
20215.67
19445.195
23147.102
8999.606
17923.504
22393.98
21855.088
33850.21
15584.095
12779.85
17626.584
12761.14
23042.816
10337.169
12929.093
13003.51
16092.856
12393.162
10516.493
21932.64
25092.266
12134.248
25304.191
25196.99
12785.291
12736.1045
20865.062
9625.617
14111.083
18423.082
14236.349
15692.331
30273.234
23200.21
16637.09
16849.227
12262.713
10575.075
15505.357
16929.219
19965.934
24746.97
11974.15
38710.09
19415.053
19781.107
15928.825
25765.037
13742.545
12971.436
9900.218
17770.326
13173.063
10499.581
22535.27
7786.4233
17838.201
32173.193
15036.632
11949.874
20838.143
19235.082
13305.319
15185.721
16140.488
12801.401
14946.256
16967.926
12285.245
10405.443
30718.986
21308.254
19397.57
25638.936
17497.35
12680.217
18676.92
23576.143
27506.828
23687.562
14600.921
10759.278
11548.207
8340.23
11903.161
10821.0
34653.695
15619.18
23362.268
9870.625
41419.633
16255.748
21482.145
20206.521
19747.578
17224.521
20153.52
13295.441
12530.088
33096.395
13276.022
18570.664
22266.455
14895.959
18066.197
12455.127
14770.256
26943.227
16723.371
14689.245
25598.812
17376.514
18011.068
19379.562
19078.762
16002.492
8341.355
15377.678
14837.952
12512.088
20902.15
26260.479
10231.845
11588.53
26758.414
33144.49
15688.848
22460.586
15609.757
12939.006
17631.23
18937.506
16339.414
27000.584
15655.583
11097.567
14248.614
15502.64
21726.312
19153.043
48453.76
27623.73
12046.54
13764.374
18524.768
27410.148
12096.507
11746.466
13186.891
18930.475
31203.922
16279.339
28893.182
17310.404
12513.426
8629.82
10912.981
13317.06
14134.061
11170.83
23006.23
29585.64
16620.934
5066.69
24597.62
15987.193
21327.256
18023.898
22576.389
15609.005
22880.113
26685.92
17629.523
13685.613
27032.277
10863.756
19160.736
20697.053
8053.3516
21657.158
19910.646
14177.627
13592.679
18644.096
11606.688
18273.36
10694.324
23772.625
21403.795
16984.32
12394.771
9906.071
11993.633
17421.346
28030.145
29433.19
7969.4854
15136.944
15264.5625
12607.77
12758.725
26334.889
27261.736
24224.348
21078.344
15121.426
10256.189
14593.208
13680.941
19086.209
31441.328
12921.299
18785.54
12792.945
10906.65
13010.347
18040.809
16798.434
40837.21
15110.67
13607.995
25020.127
23606.396
26056.656
9997.614
15041.54
15040.229
13060.73
13290.794
18336.768
11942.236
20510.102
15127.91
20053.45
20671.041
22392.611
10719.35
27467.676
16797.387
14082.613
19968.45
26768.012
10999.693
18536.428
11007.176
21739.055
8750.904
30028.125
16112.199
15418.132
10379.009
16732.652
20683.688
26200.143
21976.781
13934.8545
24201.707
23170.123
22207.914
13925.075
13070.154
18290.787
15773.471
20120.588
18545.414
22188.246
14852.818
19976.691
17047.834
16911.06
18050.426
15492.766
32751.277
20308.15
22598.191
25687.455
14200.962
25259.502
24390.902
28284.883
14778.912
13167.088
17896.068
47647.676
20988.484
12724.439
9415.8545
16512.65
26228.928
21309.67
15980.063
17844.648
14576.715
18402.857
21479.49
13623.999
12572.298
14449.949
19191.057
13785.673
20327.824
15182.138
19562.24
30298.047
19398.373
40376.96
57597.145
14375.305
23058.193
14812.423
20608.578
12916.0205
15023.696
18295.822
21878.729
23867.203
17934.467
18726.926
22261.666
32668.428
21653.105
17825.078
21106.875
12605.898
24285.568
17848.383
18505.246
18912.834
14796.939
21008.281
39408.02
20274.227
15702.105
19624.352
12669.266
9611.87
29284.842
20757.412
23343.633
16111.467
27787.53
10133.46
12937.949
12315.208
16878.82
19917.545
17036.322
13703.595
11383.824
17663.414
17354.678
22082.805
17075.508
20752.729
12487.46
8884.285
13000.858
19904.705
12434.986
16712.596
7870.2705
13050.211
17116.98
11811.08
13167.32
24373.166
16476.137
24105.145
11683.803
12670.205
9429.511
18178.686
16818.133
13545.296
19996.576
13790.165
11118.738
21288.549
13529.863
18318.633
15384.966
22787.67
22451.803
34805.49
19140.69
18699.908
8166.8096
16230.6455
11793.918
18391.828
18178.305
15596.051
11943.631
16279.615
20646.055
12103.073
18682.12
25394.062
12036.594
15909.721
15707.227
37567.293
11657.509
12886.33
11214.496
12358.054
16303.698
17906.783
14693.54
11243.36
20845.797
11559.836
17230.615
13646.319
14434.332
15084.436
13602.352
15561.642
23725.02
17864.781
25955.346
15045.685
19446.957
14927.458
17525.648
23000.025
27799.6
26941.996
13231.677
24279.09
21893.25
26340.07
17044.648
15615.32
42454.926
16516.158
12916.88
10302.242
19089.912
24772.969
12802.8
13261.497
11732.735
18378.857
15187.709
16558.28
21998.041
18956.508
12655.048
18819.1
17355.832
8469.619
22035.264
15749.698
12430.068
19484.645
22053.654
17174.545
21164.096
18810.254
21587.537
16992.377
25650.604
13309.291
18750.508
20721.014
14903.207
16969.945
9736.28
22785.396
12260.785
22035.752
13972.264
13665.496
40884.87
17545.553
14558.64
12230.488
22680.775
16725.604
12866.071
12960.255
25251.447
19988.555
20059.578
30372.223
13178.985
15363.997
12229.131
14471.096
13665.208
14269.883
15419.346
12062.159
14786.936
18903.574
14542.024
31818.068
22936.281
12142.43
13540.354
23315.877
18518.73
19921.314
7891.0244
17496.37
13247.244
23326.607
19289.543
17557.86
15378.03
16018.595
14294.099
20663.852
11897.739
21101.25
16646.398
15700.747
27026.162
24817.89
21492.385
24354.791
17961.482
12092.316
38711.113
27578.762
12133.513
15338.589
14038.574
9718.67
20072.023
17750.352
26869.578
16248.24
18993.506
14285.328
31815.598
18189.174
12040.293
20073.264
14555.79
15282.355
14915.113
15222.821
22833.346
19570.486
12158.146
9804.543
23791.512
19470.922
19361.363
7033.656
11130.369
13422.087
32032.99
18265.217
16189.033
19115.312
11494.767
20993.564
12922.462
10399.964
26893.482
7311.228
13679.224
19897.592
12650.078
29142.324
30173.455
15462.731
14082.683
17994.607
26462.916
9386.345
11970.8545
19939.855
23619.838
14159.55
10962.996
15066.99
21230.59
20045.402
25062.025
26184.213
17683.73
22205.115
14109.901
28869.82
15898.882
13630.113
22812.45
19582.658
16823.006
13191.331
12416.069
12692.736
16662.06
21417.098
10029.079
24152.088
22304.834
21700.988
7194.474
25001.963
20629.326
12544.78
21802.426
18496.713
37339.707
9750.142
11735.99
14551.36
18974.35
15373.078
18138.275
12118.682
14521.309
27773.77
13918.532
24157.84
23678.047
16204.957
10648.767
14380.265
12694.959
14235.657
15432.133
18664.646
8025.7817
20097.271
13117.289
25120.895
26980.459
18872.686
18918.633
12757.315
36746.215
19738.477
23109.021
30914.508
17748.53
12819.28
29187.91
14700.711
25994.79
36873.023
13034.869
14484.785
18570.07
16368.994
17856.04
8320.429
25721.893
13896.993
35268.09
19140.443
12803.64
26877.271
12077.477
13434.006
17988.459
10986.508
14157.32
31899.69
17889.135
22545.105
24083.666
18003.943
15089.907
8664.421
19509.586
38311.32
9454.216
16993.283
14496.947
14356.269
25635.83
24913.469
13526.977
19781.785
17189.963
22579.45
11230.807
11135.53
16260.379
19728.256
18219.86
18199.283
19907.441
31339.807
12505.487
9100.426
12241.055
24735.564
20514.71
17503.848
19325.31
6960.8374
29672.2
30301.906
18153.857
17904.01
14606.336
16112.76
20687.605
19042.328
22921.502
12807.133
22068.537
17781.47
26970.938
14043.116
15239.339
15736.937
21831.596
24673.035
22089.729
13311.571
18652.02
19972.44
18000.531
28513.342
17189.295
16164.722
26959.664
29733.986
19161.166
8749.52
25069.982
16011.452
20117.48
19310.775
13174.185
28017.348
23756.895
15490.617
15408.752
10847.73
18844.736
19556.35
10540.528
13014.304
17731.23
21770.316
14185.729
15187.045
11767.743
18935.426
30946.342
16283.679
18809.975
19985.25
16600.787
12985.278
15542.502
11358.241
17538.867
12186.743
21832.648
18656.738
18998.729
25146.47
28292.883
12508.572
16311.959
13142.432
12334.673
14194.109
15187.543
22527.71
14302.436
22342.893
20562.732
13607.452
17536.42
11046.513
19309.559
23067.885
14018.696
14611.834
21188.535
16393.61
24267.086
14423.09
13843.375
14489.604
13848.952
8567.775
12934.311
13533.22
25155.234
11521.0
16520.812
9675.611
15534.327
14671.752
19316.256
12176.569
13332.95
18654.19
23671.332
12629.762
28426.03
8304.813
13659.13
19284.436
13889.072
20136.928
18785.053
25314.832
14269.53
12538.219
12461.134
21403.809
18515.18
20058.566
11860.041
18472.844
11814.644
24246.98
10385.228
14009.179
14401.39
12837.072
16849.15
14017.64
21542.326
17290.121
35608.41
23347.008
12572.643
20764.984
22938.562
12283.956
27543.885
12980.549
9874.083
51884.754
32444.05
13167.298
15017.755
30672.498
20041.725
13057.215
11484.767
19534.758
27955.895
21464.342
14373.018
20268.557
16660.338
13359.352
28138.64
14141.093
13504.777
18697.713
17112.223
11594.106
15919.512
13864.56
22516.15
16344.649
20890.252
27383.232
10302.401
18403.338
9507.016
12694.604
22033.771
16643.533
16651.523
11946.633
6569.3027
42706.105
10593.433
19992.863
29303.809
12161.205
20472.104
14597.649
10987.072
12380.25
14425.533
15610.332
19114.14
13470.002
12908.047
19071.83
12697.632
20592.766
37044.94
11676.787
16257.768
25179.242
11107.884
30531.512
13860.226
12388.322
18415.268
20478.44
13997.874
15808.008
18576.65
12834.206
14407.799
19623.725
18641.615
16425.912
15510.59
18788.764
18554.44
28767.87
22153.113
9157.743
14937.658
19427.912
25177.066
12265.915
14733.542
12877.608
22254.482
7928.0854
15308.795
15177.674
20170.357
16568.172
22218.037
12327.827
13781.409
21262.568
14317.383
14758.046
11882.656
12553.619
14891.396
18980.197
19950.488
19446.086
11661.382
17076.754
15178.192
11234.444
15301.865
13418.667
16818.143
17374.424
20056.922
17364.834
13449.358
13240.969
23955.701
22737.588
29741.705
13716.945
24336.285
31787.475
16663.586
22506.057
41503.043
12901.239
12950.116
17765.941
15500.685
26621.012
19217.31
25038.967
16033.605
54758.902
18043.398
25570.676
11463.236
11440.404
16277.46
12860.528
16308.011
9878.683
16180.517
18150.969
10125.223
16664.31
17298.777
17020.184
8108.407
10347.004
16331.507
26439.021
13873.123
12468.986
12541.733
10864.011
13998.39
13203.676
14950.161
10370.513
23881.154
20474.623
18704.578
12012.302
14277.99
18582.725
14555.576
12913.024
12538.823
10503.732
21150.902
27560.943
12230.157
12813.584
15700.01
19330.277
17930.807
15204.951
17412.742
25029.748
26627.81
21913.748
15073.159
18850.795
22858.865
17255.432
28124.031
15395.317
23527.158
22278.176
14354.93
9474.776
13316.56
12146.232
27663.604
14485.459
12195.245
9755.091
22426.598
12233.107
12572.6455
17693.764
12674.815
11995.439
8669.493
11357.549
16885.617
21485.34
32851.367
22483.469
19688.438
19338.559
19728.164
11740.609
15219.028
25086.178
27480.803
15035.1875
11948.178
15745.751
19954.121
14155.544
19603.396
17407.344
38511.17
11352.345
20966.586
18865.127
23565.77
11549.108
16937.63
17741.168
12853.11
17635.826
12627.529
18861.81
13424.12
12743.681
14331.675
20316.83
30984.123
20932.604
14300.058
15440.87
16411.77
19675.193
19344.738
23919.379
25658.611
19765.643
19928.344
15714.444
24541.67
18993.287
21016.252
20375.045
39308.8
14146.404
14604.049
11096.668
10174.265
12109.183
21669.82
18425.848
13590.98
14356.109
46207.695
26546.006
14992.48
10477.181
21728.822
23874.658
44407.79
13096.521
11811.542
10024.113
12840.257
29750.97
16256.841
18958.965
24504.904
14771.417
13905.266
22871.668
16987.58
9910.215
12052.786
11728.675
12091.285
21846.637
16254.588
18560.16
17170.652
13507.651
15487.883
31708.643
12606.88
23600.357
39414.707
17265.336
20220.643
26303.205
25404.729
12259.221
21776.889
21195.29
34105.48
35852.332
23813.816
14086.278
19761.404
12944.464
15087.935
25473.768
19633.041
12200.606
11055.176
20230.73
16210.7295
15927.31
35561.547
17539.607
28356.54
8628.751
21430.611
16204.51
14183.708
13588.941
17030.057
7324.1885
31380.775
10010.578
17220.99
12318.002
18504.668
12831.05
20032.793
13375.8955
22406.5
20988.977
14542.499
15843.803
10275.1045
10711.693
18646.914
21417.281
15358.014
17774.082
19116.05
9865.86
19821.916
15777.492
12572.969
19402.576
18841.135
19987.174
20799.47
17239.457
16588.295
16394.783
8310.409
9497.214
10733.216
12628.435
12896.563
15659.735
11862.638
12816.976
12193.537
39201.125
12527.838
18901.186
28676.508
19707.732
32891.0
14016.373
13358.769
19687.137
14769.342
30282.123
17459.088
38409.1
31412.096
10905.218
24557.664
16379.073
34997.242
15901.959
16491.314
14251.185
22618.76
30649.87
17714.387
34725.26
15053.116
10071.847
10859.895
12051.37
26332.838
12994.219
16701.918
26721.611
20437.64
8041.6104
19690.799
20539.24
10801.03
16688.76
13187.555
12292.156
14057.806
12688.931
39104.875
14028.629
13006.75
23930.988
16195.511
12426.693
22343.389
18884.705
14323.191
20045.107
18166.197
19126.846
22343.479
19628.547
21399.973
18635.674
10266.745
27764.578
25248.02
16833.275
36046.715
20243.836
12983.79
16369.595
14845.173
15780.601
20550.123
16832.822
19543.79
22620.652
15554.742
22099.543
16638.352
20904.645
14549.735
29380.465
16927.5
10729.082
11766.256
20000.889
16853.184
22945.691
22550.451
15116.308
29139.484
20422.832
14761.6045
20886.596
9309.373
30283.504
8356.41
23325.566
8444.874
13995.087
23910.734
17632.178
15224.053
16774.643
31390.125
13325.159
19710.516
16664.902
23407.99
20804.307
12692.318
20687.572
12791.783
21974.967
36584.695
14328.273
13142.943
15041.029
24880.88
11986.209
8898.863
15059.505
22542.895
14059.847
11449.359
11927.342
9318.379
17517.764
12943.752
20299.062
20312.205
15198.713
14876.474
13511.937
23331.361
37018.246
12695.892
15960.585
11581.321
19956.94
20055.037
21123.717
21346.957
7536.0557
15283.034
16378.215
28613.65
14610.596
19449.393
8173.7915
25738.686
15090.005
11892.151
17303.543
10877.823
18965.676
24689.332
13103.034
24187.04
21782.1
16057.86
18465.049
12409.354
19051.904
18401.973
18227.121
46441.49
15789.569
7555.989
19720.385
19621.63
13241.324
13572.894
13682.123
13169.572
11564.903
12516.157
15499.823
12487.28
11630.567
16342.097
12058.249
14061.478
35648.8
24739.086
14855.65
11966.263
10782.406
19491.514
14248.485
16631.412
26054.582
14587.67
18260.715
12505.793
16036.377
13534.317
9657.689
14511.546
13522.681
15418.41
12332.691
18598.9
13516.286
16713.713
13777.072
14805.76
12971.342
39633.934
23958.945
12513.125
26057.146
33971.516
22261.064
24023.938
11880.286
19390.494
23210.416
12312.913
12482.51
13163.843
14340.127
19889.158
14951.122
13094.898
7155.8623
17493.496
9818.033
13005.644
29269.951
21813.488
17249.773
14460.458
19899.45
16955.352
15617.499
16262.457
13342.865
11038.922
10208.982
14064.726
22947.738
13153.98
21578.518
44222.754
22298.871
33426.3
10106.455
13490.6045
31169.717
17445.615
15650.011
15613.6
12797.662
19150.043
14274.646
13497.2295
15502.537
20871.66
18885.053
38865.21
41006.52
13492.854
25302.133
13062.521
11405.021
16675.531
16589.744
12351.394
11480.804
11505.86
23370.418
7845.765
14055.249
21165.541
14666.753
24731.568
13659.495
18837.979
14650.574
16026.521
18550.992
13037.541
10451.088
20469.902
12279.555
16341.128
20584.758
18102.959
16118.401
8239.77
19278.701
12259.128
13508.744
13820.573
28659.334
13735.488
15231.356
14689.538
10477.693
17377.8
30621.414
8742.845
10539.255
20396.746
16280.055
11328.679
37179.594
14900.766
22149.06
21036.744
19222.715
30317.72
21972.45
17764.244
15641.948
11711.636
13808.034
19305.912
17837.33
22442.99
25186.156
7221.9624
18793.15
9376.608
14320.495
18174.46
21196.97
9736.379
13584.813
25349.992
18793.854
14079.908
21932.035
12382.751
23786.7
18221.17
22231.512
20205.787
14004.39
22628.707
20613.299
15734.3955
29775.812
12909.08
13228.121
12506.994
12732.108
20678.678
25917.889
14579.177
19555.37
32068.646
22262.475
19230.8
29058.977
24130.287
28718.27
13255.961
18687.242
21570.998
12452.602
17535.816
14336.582
12342.728
10943.395
19477.713
13493.548
18714.193
16128.521
13901.143
13820.537
23280.676
18874.574
13428.928
19889.715
15845.297
14984.358
17838.229
22710.924
18897.105
12071.207
30116.176
17469.627
14305.967
14677.825
14039.001
12303.215
15881.128
27814.232
20652.736
22445.05
15117.023
12090.969
18782.299
20265.479
12291.376
12633.48
11064.137
13874.236
12212.322
13747.473
14660.211
9241.973
13399.51
16133.516
22167.637
11654.368
9335.0205
17752.986
15962.401
15976.875
23502.729
36665.574
15896.81
24850.281
13464.651
22133.42
19003.459
20735.629
15066.867
16610.275
20633.768
22947.44
18124.334
14591.934
33038.477
12113.258
14524.827
24348.281
8910.467
14119.77
20565.406
19695.066
13009.867
16610.012
12189.54
9384.813
22629.023
14400.43
13598.021
13755.423
12188.067
10932.359
13201.929
14736.42
13516.857
21404.543
20533.863
7794.0386
13045.1875
22985.115
12504.09
19573.107
24524.477
32264.816
20871.635
20156.2
14385.127
15217.386
17777.146
22429.193
11963.096
25183.797
14909.712
10696.011
18385.793
19213.7
12746.998
23217.877
8310.695
12652.238
18250.285
15482.858
17174.186
22195.084
15653.865
21403.744
15102.134
14496.912
16700.459
15500.074
10442.475
16567.26
18279.543
12417.296
12475.334
15614.493
17359.441
18621.482
15806.42
18114.441
23327.57
11511.745
11338.778
18325.012
21780.79
12311.476
24156.088
27869.89
16267.257
15159.831
14655.437
16319.045
15918.887
14141.653
22681.24
10429.028
9975.092
18024.252
23779.809
27316.805
8778.031
13525.038
28343.25
14264.1
19141.791
15434.186
13556.954
16939.365
15538.409
14539.022
20253.258
15367.985
11249.162
30691.002
13000.497
19779.973
10446.06
19792.332
11491.898
10792.9375
19013.816
17584.393
13725.839
14888.075
20375.412
14501.455
20309.357
39785.832
14439.578
11623.356
13495.333
9073.106
32960.33
26434.582
15727.539
16553.684
20958.746
16723.646
12968.83
17191.486
17878.799
12472.672
18677.986
16728.412
10003.788
27473.379
16398.516
14134.177
19391.848
13968.014
19898.916
15368.522
12875.366
8597.296
13830.299
12027.333
18458.295
23026.516
26209.383
12394.652
20867.414
18569.357
18895.309
30252.322
19872.47
23453.416
21860.512
11833.292
15457.478
14386.6455
20404.092
20954.295
16047.542
26869.863
16973.602
19286.244
12313.921
22047.879
19745.656
28592.703
19565.9
15808.218
13695.231
15901.431
14165.184
22225.516
15343.503
21432.87
12580.93
21766.77
13585.551
16985.602
20827.88
20019.918
17726.916
13045.993
12988.628
19214.512
21040.996
21482.32
16308.074
30986.697
12988.141
18743.707
34244.754
19071.117
20259.996
15081.829
23426.98
16365.018
15028.9375
12043.957
11951.335
13980.11
26887.504
19624.062
16336.009
12946.799
11178.146
11712.57
10009.593
25858.027
17113.787
17673.691
20170.855
10311.665
22922.77
9509.785
20944.266
14302.905
14176.602
12189.728
17915.97
15065.019
28572.646
20459.734
13157.217
19099.973
20930.623
18652.64
12465.883
15961.601
9341.866
25286.852
25525.68
12203.447
30550.61
19586.66
48280.28
18294.633
11551.893
18659.17
12583.214
16531.215
16867.12
12965.81
29523.79
19085.545
13244.352
14793.948
20457.021
15809.484
27618.506
14824.457
21540.598
11527.121
11487.08
8891.907
12761.814
29666.87
14860.149
20776.502
16217.943
12926.147
36458.035
11742.149
10867.451
20788.088
22728.11
17674.045
11786.483
24454.018
12516.747
20357.645
17103.07
11860.003
16410.379
18718.39
23738.627
12671.371
18468.264
26537.254
16046.54
16800.53
26519.93
11467.348
11732.587
20129.357
34777.562
13348.639
14904.911
15933.469
10504.853
9941.58
12859.857
19147.674
11162.614
9268.711
19883.494
25715.451
15504.19
19398.477
25879.287
21709.89
9077.7
23109.395
27844.482
18069.488
12644.186
21149.438
12820.798
18607.26
17022.404
5939.8325
8887.104
15154.58
16989.137
21613.773
13339.407
28902.941
28657.39
22606.89
10044.943
8743.335
12576.962
16943.05
23085.531
18395.785
13399.695
11970.039
10052.7295
22504.557
16398.19
15721.465
22887.16
12213.191
25154.078
14192.852
18407.662
18850.951
19272.785
26037.693
18515.67
14993.261
14723.903
11609.421
16893.559
27809.227
20645.84
28671.434
24331.66
17035.117
24586.07
16367.565
13800.739
15583.659
10893.617
16568.215
15091.724
25045.49
19987.994
12653.095
18525.434
15098.947
19734.912
12977.286
12302.355
15572.126
20039.562
16067.013
24660.307
19115.033
16800.04
12039.845
19358.662
19101.15
18343.598
23933.666
18939.566
12058.206
12965.218
14682.369
11598.235
15179.796
13890.477
18514.635
35450.23
20407.947
12525.05
20818.19
12113.692
18170.701
13831.559
31884.938
9083.723
42746.4
17144.764
11138.86
21054.668
25497.92
8972.719
16592.404
16922.896
8217.865
4877.4126
12200.917
25784.252
14537.591
16048.933
14441.035
17643.469
19070.623
13533.5
27120.94
16621.05
13441.692
28569.36
18186.777
12664.324
20151.2
14330.621
16613.875
17577.273
19259.77
18224.777
17164.342
15586.463
24979.012
15309.791
16713.256
20337.32
11913.8545
10223.431
26233.307
16072.092
17314.057
17368.248
13298.93
11718.606
16735.723
8290.565
22014.04
13367.306
12989.932
13758.918
14527.059
20334.467
15214.868
17567.959
19943.49
24215.44
12410.425
11992.076
26677.416
15321.472
10846.85
12502.641
26475.398
14003.112
19224.809
12775.838
17030.754
16498.875
22391.525
13860.3545
23022.328
15270.873
17778.266
20652.18
10131.998
21659.846
13853.95
12526.087
25927.092
30006.258
12702.204
20701.182
12014.414
16610.027
10219.652
24965.773
22598.988
13109.257
14582.421
24440.436
17885.686
20887.246
17613.473
17788.756
15175.653
15341.368
11277.817
14718.423
18367.229
14694.96
12126.722
14508.885
26794.678
20988.654
14954.772
13383.996
23147.104
16578.959
20848.732
14318.015
16989.734
10671.522
19069.295
25769.781
20675.713
18938.922
22494.684
14552.306
17531.252
15100.777
12781.169
21743.95
9112.847
17667.627
28994.82
19326.09
10814.161
11852.541
24424.129
26278.45
18224.205
11340.061
13165.975
11893.871
13056.571
14193.194
18122.086
26549.791
10878.843
14621.43
18858.973
14294.598
11689.797
15308.242
34970.35
12653.646
12539.529
17953.64
41229.0
23321.324
17170.254
10889.649
37464.125
35738.0
12242.343
14442.494
13508.069
18426.232
10685.34
12655.336
14185.607
16606.355
11421.329
11631.832
16853.053
20386.326
29738.033
16704.398
18566.096
12724.394
12387.955
12748.754
19768.064
24451.922
30723.518
14941.629
20644.098
36606.332
25915.736
32649.496
30173.764
39289.496
24439.71
13114.214
24142.416
21951.111
17595.777
24889.8
34444.332
15954.118
16742.09
20484.332
22662.752
8741.241
25269.102
27952.217
12587.911
14212.972
12091.313
16694.715
11753.82
16225.126
16827.484
19390.37
30859.428
16659.658
23188.666
11455.425
18975.986
28827.773
10686.895
26504.016
13401.331
15854.899
11251.14
22901.555
26091.846
9100.889
21018.564
21561.9
18102.8
16110.606
10952.924
18380.135
14595.962
10174.865
30585.943
17436.783
13033.672
21332.293
12910.137
19293.008
10313.073
17778.686
17385.03
18738.244
24428.451
25301.111
14300.173
15721.608
19729.086
13144.955
18583.582
17287.045
22260.227
23434.947
16133.97
13470.689
28367.281
12842.234
24872.836
21997.924
24131.025
20030.508
18094.492
22979.35
15277.952
19153.016
16987.393
20432.023
15263.091
15180.463
11720.8125
11674.891
13354.211
22111.768
24308.654
13586.269
11884.187
21552.316
20816.115
16334.207
23656.521
20788.643
20642.361
19272.996
29609.312
13078.542
21894.98
27925.01
19571.346
12228.596
17492.273
10486.808
20117.535
13563.392
13088.815
27030.895
21685.932
18227.092
15245.162
29044.303
9631.254
19147.0
29417.29
16435.24
17227.21
25979.914
12953.237
22118.314
18389.096
22541.498
10445.3545
8692.976
12754.663
13414.875
14401.003
12106.837
34541.547
16437.066
19566.1
21556.32
19718.71
20260.42
13620.85
12679.837
12222.452
23286.35
11725.87
22474.055
11708.374
14558.877
19234.729
15063.92
9301.191
12229.327
20852.912
22120.22
15706.264
20592.064
14138.818
24301.854
14111.232
24636.611
19975.75
14407.613
15468.082
23922.37
20986.227
14465.46
13164.449
10062.739
12067.936
24040.69
19687.508
23834.08
13278.774
17904.223
15877.97
15010.916
16284.6875
15293.446
9553.672
18864.457
7852.892
12335.426
26092.688
18366.207
22346.26
20068.64
13757.748
34066.504
18580.594
20760.584
15102.856
14535.61
13172.62
20966.617
23485.809
26620.56
15591.607
13958.465
26373.7
8971.445
12919.51
16197.637
21343.342
28666.434
24695.846
14648.5205
10882.671
26164.08
20320.623
12990.8955
10147.807
21632.143
20880.004
17860.105
15142.653
14352.346
14879.296
8431.048
14751.173
19906.178
14402.787
34178.816
9263.487
11816.644
27961.893
7031.029
18011.938
20615.723
12149.532
20905.275
15578.858
12160.169
11092.852
16862.748
17367.951
25433.924
19302.877
28601.0
11626.001
10456.799
15209.011
24969.15
11700.517
7651.51
20648.232
20475.61
17120.318
21959.55
17559.713
9780.155
12977.598
28071.496
56319.54
23299.514
16224.226
11454.924
21753.533
14895.474
10363.395
8945.235
26350.611
18122.773
19195.133
27539.465
23947.266
16122.333
16939.81
14234.436
12080.849
27828.107
11092.568
10754.628
15092.3955
24305.686
23389.797
16622.303
13936.252
20946.717
15848.42
13260.225
22232.578
12827.222
30441.102
24691.139
22409.73
15039.861
17652.229
23353.176
18996.611
13519.844
9378.221
10892.07
13317.398
16535.594
24915.771
12168.189
15032.509
19564.22
23895.014
13247.477
22800.01
24140.27
19912.145
17619.07
24020.531
16272.182
12778.536
11131.955
12209.564
18488.23
24763.959
9555.251
12878.187
30893.326
9422.827
16334.9795
16101.505
18724.81
19751.924
20724.365
11018.682
10826.5
15485.216
16552.451
20818.248
16137.256
12453.083
19551.379
20988.87
16008.143
17229.129
10126.536
22362.246
17630.197
22691.033
13744.022
10607.486
14192.587
19715.09
11898.812
23747.104
13847.73
20969.201
30977.035
19977.736
17816.588
17379.807
17004.438
19860.795
18216.03
14261.274
11666.782
14957.807
18690.96
12469.06
18897.098
14531.278
28094.04
15692.838
32616.14
29717.814
6352.8735
13923.2
23111.643
13758.273
31959.639
19089.656
14915.823
19862.867
35452.496
16391.266
12595.992
28312.523
12018.109
7993.5723
13084.845
12066.159
14487.855
15287.2705
15455.381
13545.337
29069.05
13192.277
15765.31
12945.971
15152.402
23257.812
16394.91
19113.324
19339.771
23444.203
23660.758
13479.279
11971.371
31065.55
34647.42
16583.066
22022.998
18445.377
15299.143
18823.402
22282.428
20541.203
28798.432
18695.598
17236.678
14916.855
14878.238
47287.734
12120.91
20299.623
27876.727
13235.6
10864.841
19550.262
17666.809
25261.287
22986.521
7942.0933
22152.805
13614.9
16281.643
18551.6
13566.243
31066.121
12032.158
23883.062
14095.358
18588.084
18041.447
14880.29
15787.347
11807.87
32842.188
22580.41
16241.279
19335.309
22779.436
12811.606
19830.695
28964.258
17867.48
18890.2
8696.608
32248.041
25695.549
22489.955
27633.076
16930.41
20422.064
20836.473
22195.273
11295.964
22659.795
28272.46
16034.613
11303.871
16144.824
21223.984
22267.697
17399.477
12046.18
9480.525
14054.311
17600.834
13707.259
11650.645
18484.51
22350.883
14919.62
27747.895
18821.295
15563.234
20441.941
21734.896
20277.01
22516.45
20442.633
12484.034
33833.34
16866.217
15958.656
18181.65
24084.062
18740.998
25676.941
19940.516
22549.816
22935.158
12221.783
13727.683
16163.655
14003.145
21673.727
22562.215
14407.622
19447.36
30720.877
16235.377
16086.031
33955.066
12470.385
27694.744
26276.328
12376.24
29342.383
16842.512
26058.475
10676.479
23121.73
15615.123
13251.235
16999.646
14527.47
11254.889
11686.78
17068.709
11802.438
22464.791
16056.253
11481.171
22768.492
12959.6455
21556.746
11318.05
18280.318
13385.502
23883.982
17960.205
21547.834
14926.8955
20995.012
19093.729
23456.09
19266.734
22029.98
12323.757
13324.262
20426.316
13015.938
26534.777
22313.361
11009.315
23679.58
15240.248
8197.953
27783.127
13227.024
16886.732
23982.861
8115.745
12758.468
13989.244
20739.05
14578.326
13254.732
13274.021
14346.933
11978.527
13839.655
19623.38
15298.659
18944.264
12531.31
15106.1
13438.693
11418.954
15037.87
21492.451
17881.96
30051.732
15608.202
21727.662
15183.218
22134.8
13979.455
20240.275
27031.598
39749.72
25916.158
28070.645
27908.6
17676.59
12363.456
25319.537
29396.643
19761.18
16930.877
25932.676
21411.654
19889.176
21445.627
13036.016
22036.03
17186.877
19074.188
20773.273
13289.523
12632.73
17788.652
12649.012
13621.845
29521.717
14141.053
16196.457
18018.375
21554.773
19274.195
19860.924
8109.559
12641.179
13884.055
7587.6177
8838.235
15727.155
14980.023
35608.383
26012.264
20971.895
12953.527
18434.768
24823.92
16879.742
24873.68
14915.142
14145.812
25107.791
44790.844
12268.985
21629.287
32128.578
23532.838
16720.361
18220.92
27453.365
19597.299
11962.017
16612.076
19582.1
16372.039
11413.001
17871.09
18987.97
28197.42
13738.814
9227.8545
9825.904
16082.153
13616.395
25186.58
14316.705
12181.516
16771.164
27468.613
11394.392
22745.957
15808.499
16352.535
19848.82
17366.168
11046.47
17058.17
17411.514
15882.345
17327.914
21530.318
31168.613
9411.565
15137.151
20308.365
10704.661
23813.31
30758.852
19108.367
17520.11
12082.344
15763.2705
18492.438
26554.658
13488.762
21519.498
14447.837
19842.307
21457.404
12886.679
18232.805
14733.209
22535.596
18273.44
25052.43
32674.908
13414.771
18124.227
23429.379
25704.98
17343.182
14603.75
19484.531
18937.06
11208.102
11131.656
21147.818
18194.697
10414.304
17563.252
15414.529
12119.839
17752.646
25200.629
17552.32
20209.865
8580.114
12151.608
23518.865
13339.517
17946.162
16064.712
12247.788
21031.629
21743.295
21421.44
21249.826
25351.95
19985.846
18430.92
15787.555
15612.885
20273.684
15295.791
8745.244
16333.646
16935.725
13194.931
13274.075
15222.719
17657.129
21554.715
26434.49
16810.307
20949.727
21633.383
25416.475
21374.371
15998.401
18591.768
18264.973
15799.596
24187.13
8039.4307
10238.388
17722.646
23936.25
19068.06
19268.64
14240.02
8950.597
18210.918
10054.959
11492.42
12626.99
12684.424
9715.949
11307.949
22304.764
14769.389
21851.924
30875.875
8695.787
16339.081
30516.318
7551.6973
13726.074
21732.385
19853.814
14091.99
10220.477
21639.225
14122.32
13456.387
30271.096
18347.564
21182.594
13476.957
41419.707
14252.577
19863.18
13534.889
40854.395
19155.23
16555.156
17857.541
14660.86
14574.407
15865.639
13825.879
11369.056
23922.9
18722.1
15995.447
22051.293
26990.002
27049.326
9539.244
12815.298
8462.285
31881.225
25365.416
18819.123
20547.156
21207.111
12419.988
11026.525
18511.387
13323.997
16984.016
18722.533
18683.535
15206.943
12786.147
18332.006
28216.701
24210.777
16090.567
25176.652
24511.676
25771.215
16003.979
15253.961
9359.563
13309.595
11425.854
24332.725
15861.769
10546.407
15470.438
20488.945
12321.989
14322.977
18502.314
34900.676
12776.756
32391.965
23847.74
22371.545
16698.748
14304.254
10467.187
19848.287
21268.32
21124.174
16157.833
19436.678
18524.02
15638.786
13363.974
12571.232
26293.107
14559.557
13970.084
11166.713
22016.012
15895.01
17820.322
17788.56
23150.512
24769.438
19732.227
11362.018
29296.555
17984.22
14087.581
27601.914
11500.214
18222.518
22002.863
12535.31
17588.877
14827.927
18726.225
22157.834
18206.215
22692.992
18943.037
12568.396
17075.77
23422.52
11542.89
13029.631
13392.519
16309.592
15200.275
14314.713
15810.419
21289.607
15229.936
16911.934
14991.934
17131.61
16925.707
23498.842
12999.617
12463.688
15388.229
21058.025
20156.31
13874.193
19809.322
13175.589
15773.633
19468.043
24065.158
17827.783
14483.072
7905.568
22913.4
11011.886
27630.422
19452.229
14854.077
15559.338
13814.654
19854.906
15727.225
13210.095
18671.271
32622.062
17293.904
13648.122
14822.686
19944.562
19210.008
16535.777
52348.914
20735.406
18427.469
22314.172
17722.99
25744.482
22315.89
19049.09
10678.631
9873.856
20822.545
12128.31
17297.865
12432.511
17369.773
12070.635
14820.16
19304.645
21899.863
13704.442
22042.693
15500.678
10332.523
28056.521
30547.504
20711.291
19528.791
22399.414
9505.19
15664.947
16291.451
21461.734
12535.296
11586.832
21585.205
16796.867
13086.455
13568.8
33633.84
15992.532
23676.273
29416.58
12827.352
21785.97
13706.692
16669.412
18379.533
19840.047
14501.501
16306.123
24680.877
16299.341
7507.8145
16712.908
18683.773
13098.482
22491.072
14514.52
11916.617
12858.342
13909.685
16623.217
20741.295
11047.43
12588.012
26878.863
10081.969
15385.3545
27301.283
11567.361
12331.619
12753.03
11456.216
22316.576
18378.123
18364.379
10815.533
14520.845
17427.377
12494.887
30733.21
22663.523
12874.149
13066.131
31826.184
14035.479
13035.848
24236.672
20154.53
19106.016
28214.854
19964.762
19504.266
34522.934
16274.792
15772.885
27499.037
14946.242
23019.035
20094.977
19386.578
22313.293
15520.035
14830.138
16158.502
21992.3
21290.838
24634.504
21286.852
12691.592
9901.301
14031.852
25722.025
17361.945
15846.305
29340.213
15262.09
16636.781
20729.951
12128.144
14306.035
11561.411
17975.906
25993.025
21058.492
13891.287
11010.178
11897.788
5769.3037
14161.107
12214.877
9345.356
18597.254
19391.268
18849.658
23043.564
10796.082
18249.76
12989.126
12234.727
18902.18
21027.797
21258.998
21045.734
12827.165
20592.781
22830.521
20733.98
15246.81
14390.759
22352.06
10812.113
20768.393
11962.611
20748.305
12107.921
12058.519
16331.112
26820.453
31539.432
18532.47
9077.109
20336.768
26644.87
18971.44
10712.838
11412.005
23901.36
23262.926
17826.676
24623.055
20289.926
15481.084
20845.396
19026.326
32328.174
11504.572
13548.982
11965.934
35499.938
25289.838
22712.986
15739.292
10886.043
17593.564
11842.973
15979.5625
13438.26
10015.988
9122.509
11634.575
17821.324
20115.525
18552.91
12061.087
22474.305
29021.146
9208.711
23439.832
13784.743
34679.94
17002.016
23802.107
18294.797
9654.424
19523.658
12688.327
14440.28
18623.139
36891.676
20001.758
20139.709
12474.469
16156.33
18911.299
20752.201
18611.107
23737.365
14155.145
18143.686
17887.262
14205.132
11622.065
18699.045
17986.662
8858.923
18717.174
19491.682
7614.166
18887.557
13635.032
12480.56
16046.959
10238.279
16973.414
11230.686
20218.041
9432.72
13434.644
16800.236
19572.89
16312.586
24339.113
25594.947
15184.588
17424.676
16362.274
11878.045
15797.258
17817.467
18987.11
23144.348
13371.737
25268.627
19038.334
21340.531
12883.16
15465.761
26603.639
13090.0
24882.184
27073.133
11423.585
12848.168
20329.596
16682.402
16069.142
19132.365
20635.312
15479.625
20033.83
10530.001
8031.771
18668.479
13036.967
11955.195
28904.79
14954.972
29622.055
11850.01
12475.791
14191.2705
18482.867
21564.293
15419.504
12012.256
18825.83
25343.635
29041.355
8132.28
32798.746
14844.417
10500.141
28513.4
14655.609
25454.186
43075.06
12395.17
15451.142
12041.901
14904.912
11036.422
17853.836
15062.792
19683.264
18890.057
30189.078
11129.729
16609.57
19647.758
23358.3
14567.876
26518.557
20448.715
22226.305
15298.804
14937.681
23731.232
9251.606
20046.791
22782.863
11435.342
12884.603
20689.91
36254.05
29130.617
22293.727
12950.154
22149.322
23737.32
23399.285
12000.871
15473.906
23921.387
17273.797
15781.169
23747.947
15534.085
31594.584
18205.676
14142.652
12123.092
23205.139
16670.936
19526.412
22116.54
16129.909
9745.926
15742.698
21985.38
31981.158
14923.24
15180.594
13332.972
18417.863
31058.557
25252.297
22536.848
12220.786
17081.562
10918.372
26324.709
19245.21
11628.768
11127.209
18443.209
25591.232
29861.857
14807.675
22893.688
20566.752
14288.543
9094.084
10543.665
10595.2295
40603.934
12792.335
22344.982
22441.225
16135.051
19143.643
18404.105
14644.386
21492.742
15562.705
15209.871
12039.07
26096.309
9376.415
11036.691
19002.777
18837.195
13370.29
19991.531
14269.755
12888.956
8553.292
19314.58
21756.166
14226.304
12406.463
17682.246
13964.475
13213.306
22874.174
14976.1875
21835.523
18204.121
25534.78
17868.951
19854.21
20255.838
11877.6045
18761.766
18727.283
21218.318
22030.027
36308.805
19578.875
20569.297
8963.949
9735.74
18632.469
24959.264
23984.504
15512.465
16281.976
22648.033
24152.502
15812.823
10039.591
12298.266
12109.4795
15167.479
16393.18
13017.22
14569.522
14839.757
19413.514
20166.611
17905.193
18020.275
18543.244
17480.66
20379.24
10196.595
14078.434
18223.936
14336.858
17802.879
12898.513
29876.564
20114.77
19625.188
34645.355
16304.56
17752.7
12326.337
20186.34
12741.738
12782.966
9170.975
26692.922
14370.671
17943.887
11492.007
14082.287
16494.373
34547.656
13072.413
27807.12
16931.443
16912.469
33029.82
14566.548
15638.334
32572.926
23591.936
13983.8545
14876.624
16617.262
20427.008
28135.08
11152.629
18058.316
22212.28
18490.152
20722.861
19838.729
23293.783
13492.724
20815.596
9871.068
13617.036
17710.137
15455.455
20427.791
12002.836
19994.586
21725.354
24247.91
11802.045
34555.06
12990.296
18346.66
20370.355
16788.17
31436.455
15824.591
13255.965
29124.068
14083.833
32327.65
11519.09
11129.292
23190.7
18065.352
15176.037
13391.001
18706.22
17083.6
14046.144
14550.871
19775.402
16107.69
15185.686
12391.358
12960.859
20407.074
23472.07
24167.572
21290.44
20401.326
10936.432
8722.731
20166.434
24421.953
16448.371
24638.217
12630.749
23431.13
13454.624
12983.13
22218.965
12432.575
11441.738
15973.3
14489.838
14607.714
17534.09
18653.115
18642.97
11347.431
23630.188
13011.65
9541.823
21635.965
16354.234
16788.674
16619.172
34967.484
9164.593
24188.516
13738.108
15389.938
20217.32
18699.195
7879.3027
19892.498
22850.324
17321.762
31207.57
11918.355
16445.14
12687.496
13560.054
13664.274
34282.773
17190.291
25584.674
17005.354
9019.226
16194.702
18444.928
21378.6
48759.938
12816.115
12952.302
12378.032
22128.646
12545.105
13416.533
18254.846
16893.623
26078.07
13118.834
10593.197
11794.546
13322.146
17281.85
33681.02
12881.723
17197.193
21467.674
24098.42
11801.656
40764.375
25121.627
12047.458
16624.184
14807.57
15457.302
11591.21
17459.197
7878.4966
12344.7
17867.182
16929.58
19816.072
14906.671
29033.117
18969.396
13856.266
41285.91
9410.944
29143.084
13874.473
11470.772
24067.084
16598.21
9302.73
17160.111
20442.488
35415.008
20982.33
12136.221
18711.508
12402.125
15886.0
8340.81
16667.887
21190.066
22869.516
14345.953
9370.475
23412.703
21103.93
15674.832
21542.158
23746.79
23089.174
13741.827
12472.047
25010.459
13788.652
19136.527
11584.402
45528.332
19090.875
13129.598
13292.579
17828.95
14708.67
22152.967
17249.902
16973.938
12626.342
12724.462
11327.126
19517.145
13401.165
11311.038
12891.582
31462.441
17839.379
22538.795
15553.604
19098.357
18429.57
16010.644
18914.4
15997.872
14092.524
16968.254
20783.379
18939.69
15152.93
12472.396
20221.004
16413.06
16859.994
13998.463
28747.732
16301.267
17706.643
17063.42
6982.3906
13494.557
16752.08
19666.89
27349.668
12963.204
15885.375
21546.184
23523.357
22957.463
8147.9844
20487.635
14008.319
13218.189
26141.393
19304.58
20732.938
20837.438
20716.164
11132.092
22410.084
21742.76
26121.266
17016.193
15063.948
9106.379
14213.689
20919.365
19164.94
12632.404
22750.854
23821.412
22596.99
14360.608
23657.357
15983.36
17124.68
19927.188
12735.649
22453.547
11528.783
10949.165
14661.828
10877.746
16161.597
11168.799
25576.535
19227.55
18829.76
21550.582
16527.365
13569.591
22428.646
18785.793
13978.859
18345.537
19935.643
21474.008
12453.907
26190.791
14517.0205
16155.423
12580.626
19199.084
24811.742
29330.854
28934.791
30199.57
13121.667
15892.062
11387.879
25262.408
15352.703
20573.543
10439.3545
25659.746
11639.827
19753.926
18544.217
14719.352
25932.281
14871.918
18517.707
18699.682
13740.943
14923.26
17372.008
23344.219
10383.895
14522.019
23468.791
31997.09
16304.893
14458.205
35449.953
14318.378
12887.202
12196.415
15405.465
8686.289
26078.68
18720.594
12408.151
35436.14
19305.242
24742.938
20380.58
25710.094
13488.392
12008.4375
18045.322
20575.064
13826.715
35555.88
38472.37
19581.715
27131.111
24532.201
12387.637
14837.923
46694.383
16418.676
27455.266
24391.674
9392.545
19853.82
14987.433
18931.072
23532.61
17204.656
17159.932
14262.458
20157.299
15653.008
9669.043
36195.63
13236.5625
40040.383
13986.328
22558.03
18740.355
28064.572
14823.421
12626.549
23593.4
25072.848
10591.598
37426.734
15042.634
27054.297
15958.49
13737.111
20940.377
8174.143
14758.521
19652.236
22184.066
13048.108
30080.184
18714.584
15681.601
22257.047
12324.983
17359.957
21601.14
15225.891
18144.854
19323.943
26635.572
12485.778
14314.896
10401.041
18514.791
12842.34
12787.585
20348.33
13494.386
14315.876
11082.314
21045.395
10074.351
12266.913
24681.71
16333.6455
14517.707
12153.641
23871.238
11138.215
15273.388
12074.067
21844.924
19816.148
13945.4375
32276.215
18014.873
21762.96
15097.99
19496.795
11288.759
19638.441
12472.235
10767.555
14536.211
13692.509
15004.648
17967.613
18782.91
11331.493
11596.169
26911.021
14804.463
14039.483
34638.992
18935.564
16948.277
20251.658
16741.484
20093.346
11503.577
23575.393
21192.363
12487.535
19430.377
17598.992
13739.189
26504.564
12210.905
29306.281
17055.596
18860.135
21794.73
23856.68
20585.455
19633.62
15363.22
21116.855
12457.394
16733.965
9289.977
16834.264
23788.525
21288.38
9957.778
15076.501
14880.874
25191.693
13105.643
30054.863
20988.4
11940.358
43682.684
21590.84
10334.2705
37791.258
14071.185
24391.172
20698.21
14798.7295
36430.293
13622.148
13218.55
20204.379
15354.195
16918.367
9795.786
13175.217
14924.608
15004.591
8919.091
13104.195
23800.06
20251.482
14433.092
22880.264
31336.799
22470.191
8137.4937
14462.47
14062.497
25528.812
12854.719
12068.898
19129.508
12732.265
15946.799
15746.618
16960.916
16474.568
14620.756
11725.2
25123.969
16572.26
19305.195
10898.1455
10370.146
20063.592
16642.357
18055.617
19384.94
10991.204
27099.135
9396.984
15848.123
30151.646
15327.252
14380.761
18245.982
27191.02
17638.967
21452.244
18664.658
7809.6807
22347.303
24270.99
15796.844
17904.83
15000.035
12923.144
12412.064
14998.891
24656.525
15936.8545
24939.16
12279.765
15136.058
13870.509
27860.672
5770.1777
25182.777
12953.798
26418.607
19529.842
9412.821
13385.345
15124.798
21739.16
11808.095
22860.652
12891.419
26822.855
13562.313
13831.026
24681.852
13704.828
22941.902
17778.379
21289.523
19837.537
18039.566
13489.057
18420.635
18130.043
19886.352
12602.055
17458.414
9082.492
33056.1
11906.954
28483.74
24305.428
19902.58
12419.191
34288.543
19441.562
20020.25
14663.464
14421.623
21381.074
24274.668
23173.932
21451.918
20710.455
17515.957
5388.767
17760.965
11201.045
25872.947
8673.323
12300.841
13128.896
16908.314
12209.641
17994.309
20220.162
28131.31
16501.531
12764.751
30777.844
19274.4
10384.651
14855.473
19040.383
16540.498
9669.146
21466.822
14147.033
21093.904
20986.662
18141.45
13260.587
23391.316
28780.01
23933.018
18023.158
29009.574
19775.426
14574.744
20477.723
17794.186
17515.963
21397.93
12273.633
19338.9
20564.438
20304.484
25027.854
16501.861
16174.77
18849.021
13523.341
13509.244
15511.702
11392.676
18355.938
12469.989
28982.424
12465.574
16554.955
11319.999
30865.82
16794.621
19102.71
17825.11
18934.012
22351.234
13231.746
36328.555
32927.613
9941.568
12810.232
13971.311
16433.096
19657.012
10483.795
19387.37
16837.92
13795.772
11763.065
21519.553
23842.787
17039.104
22654.133
20086.89
28833.82
6945.266
14308.215
12304.309
16907.967
12674.075
20290.387
10679.778
27649.643
19489.207
18374.773
16673.414
18966.893
11956.597
15020.847
24796.564
21584.953
24973.688
14123.216
13841.385
12333.497
14333.385
16518.674
23548.92
10863.771
19923.828
26524.45
34704.188
13231.11
15734.176
17273.816
16389.096
29694.035
9898.448
13005.615
20575.73
19808.309
26410.713
16450.043
20536.291
29860.777
26918.074
26399.045
14336.422
12327.641
21193.992
28202.824
12060.187
14891.307
11948.706
8832.809
28758.18
15840.361
6673.7656
14511.691
12294.221
13346.977
12322.734
25542.781
14317.676
13730.337
18580.93
14519.017
26849.629
23533.92
8849.813
23037.787
18869.035
26516.533
17821.074
9958.386
24840.148
10853.432
14077.126
12574.996
29377.996
13629.979
15755.313
24790.121
15968.938
13989.563
12886.741
20679.262
9823.499
9927.521
15379.366
19776.648
15468.833
19282.484
22735.266
19551.93
12730.742
19950.82
13926.743
18855.197
14166.711
24491.826
18739.719
12125.544
29083.373
21485.648
14909.46
21669.857
15097.017
22006.814
18656.846
21632.56
24687.951
12267.987
13360.033
25359.762
33388.504
25169.492
12583.742
12891.482
19502.234
12372.111
18375.555
15955.091
27430.623
13395.915
11548.915
20394.35
8671.623
10919.759
21525.473
10328.436
12638.237
10755.816
19879.277
17069.924
19892.1
22000.17
33481.047
15144.867
20085.695
10526.277
8920.629
20713.695
17105.139
19343.277
33590.887
11572.945
17155.588
24651.227
24305.63
12878.8955
12088.722
14998.578
12154.179
11936.431
21796.484
16144.848
21957.705
12277.967
33250.777
11811.022
20241.332
14462.827
21718.697
11965.368
28150.182
13167.098
24851.928
22608.238
18370.889
17265.227
10244.313
35331.266
9554.029
12078.36
17759.67
17097.83
22405.225
12269.862
6297.8916
15332.762
13521.178
20824.436
16093.875
19283.225
14334.021
16081.3
13674.068
16482.465
11333.806
9240.202
17372.646
15323.02
12627.921
11137.834
23117.514
31662.06
13718.314
19244.002
13846.758
9232.004
18573.57
18898.555
22387.656
16379.714
15808.885
32305.014
13929.123
21410.635
12573.27
32494.176
9840.86
23842.623
13381.471
20898.32
13884.898
13203.233
13329.162
13311.705
23068.658
18344.85
21449.64
12738.825
17589.164
14653.903
11860.761
16199.517
34549.605
17894.686
25415.508
20870.168
22447.88
15827.14
11582.338
8169.5327
16604.385
25152.031
12241.032
10333.579
12390.281
22809.457
14805.956
20527.068
8329.223
17797.814
13701.905
23922.664
12288.413
19302.158
14974.775
18257.104
23048.982
14980.284
20059.082
24178.975
11290.813
16928.953
14439.819
18854.861
12629.627
16836.76
18690.771
15504.75
16187.557
17026.764
13316.014
17802.025
13145.867
9611.781
16834.74
23583.771
14730.701
19671.713
24296.215
19978.06
17267.113
21740.418
17159.02
13928.319
18382.99
21204.55
33773.855
20120.223
23106.746
12896.295
20103.666
20736.838
16861.277
23504.068
23860.275
17147.28
18380.084
37027.85
13448.567
14124.858
11644.617
17124.094
18000.201
21981.572
11097.611
9443.547
15898.525
26206.324
10260.415
11764.065
17826.508
8836.397
30726.77
12869.126
11162.413
16535.82
15842.424
17724.086
11886.818
13355.558
14266.122
10899.315
15545.024
14833.368
16079.882
10883.5625
12178.29
19323.717
19957.07
12982.273
34451.664
21574.73
22835.156
18183.035
19619.607
20105.244
19906.479
23579.686
14105.937
20992.344
21864.777
17710.805
17754.064
14071.994
13772.484
26519.742
23184.557
11038.213
13621.774
14853.539
20400.451
19324.037
24804.834
13759.466
12725.326
9217.042
20816.514
30639.48
18705.535
13295.448
23399.916
8961.112
12848.87
14190.888
19957.166
22485.158
12470.356
8504.511
15849.082
25621.281
24679.76
25852.545
18661.596
16052.361
15394.291
24055.688
14035.776
15592.517
32751.428
14056.467
21079.14
23344.777
20283.79
14900.209
9382.67
14126.478
10639.719
14368.804
15086.332
19051.773
12545.937
17895.62
11704.679
13771.437
12008.638
17820.129
13053.367
14028.957
10536.454
10391.318
10008.798
13554.798
23838.266
16556.135
12827.01
24273.678
22905.834
20119.518
13555.094
22847.49
30514.02
13020.775
12092.737
18144.81
12977.756
9292.245
12463.6045
17574.074
18099.678
20200.705
25174.783
14217.215
18940.2
15505.106
34208.902
14044.317
17722.893
15813.039
11398.545
13789.817
21684.805
19792.883
14058.557
21270.8
10048.181
11576.375
14138.894
10969.385
27897.63
23326.203
22327.074
16057.331
31008.389
20037.049
13537.641
31932.098
28687.666
12643.446
15925.987
12177.203
15462.582
12353.998
10678.331
19230.176
30989.71
10646.371
18918.186
20103.348
25550.43
23900.326
15077.065
38051.848
15736.616
16020.538
12763.151
8657.255
17170.367
9935.791
13917.051
14543.354
15516.111
13129.79
28070.105
17402.613
28383.508
18303.719
22440.36
20716.316
23071.904
21181.605
18894.68
19079.254
12461.642
12505.258
12846.753
18723.973
14699.711
12091.041
11219.261
13546.946
15001.378
12219.761
21643.635
16451.293
22097.754
21338.416
20767.875
26822.947
12522.736
14703.075
14981.5625
24858.64
19888.258
17172.09
11051.578
18398.451
30509.361
29517.717
12575.136
22234.502
14649.149
20256.523
41127.83
23985.072
19087.625
19043.408
21987.756
19461.785
19733.838
12022.474
10785.67
8298.997
14066.7705
22683.164
13802.384
25565.732
22411.488
24548.61
21800.49
15781.874
13125.864
16012.461
19406.389
15926.151
19477.594
8477.782
20788.273
14535.035
15979.956
17322.008
18925.95
15573.641
23507.883
18046.092
32451.18
10174.518
21546.424
25846.656
20444.09
8749.294
14588.119
10708.7295
10688.799
21438.703
18202.031
19364.26
19491.766
20624.672
18153.592
30036.54
18217.94
6357.477
27741.258
12515.518
15396.663
29785.158
12707.013
10690.663
13130.296
13652.716
20288.986
17481.754
15227.6875
20807.686
24096.365
20827.332
37801.848
13434.09
17355.945
14393.135
23606.334
10156.321
30414.74
19205.338
12839.373
29361.92
10664.918
25465.318
14485.039
9061.157
19151.805
20108.072
17237.7
23064.75
20832.229
12628.261
13713.348
25588.611
14663.585
40967.09
14687.008
23689.379
12519.226
14102.155
29532.09
12980.385
16480.77
12499.786
16064.92
15169.123
31325.088
28513.873
13390.186
19090.418
11599.114
13801.019
25065.064
32024.285
23850.092
17561.428
12416.231
19794.828
10752.577
10538.835
12311.359
14469.551
15475.902
7476.8154
20030.752
14087.883
22833.285
13260.595
18017.775
17940.023
22399.047
14404.208
6865.256
13414.507
12632.789
29528.82
14515.091
11897.578
14774.188
21774.477
21630.37
23490.736
31742.102
36985.74
10762.656
13364.162
20521.658
13711.061
13098.292
24210.605
15624.486
20196.506
10100.687
15980.735
9575.342
17328.785
29536.822
16737.508
13488.61
21160.025
12776.554
17310.502
7581.1025
20999.893
19629.127
13573.462
18649.326
27938.238
16748.344
18663.242
45767.184
26484.314
11313.755
16383.596
28265.1
17379.742
21466.523
12947.721
14596.904
14161.9
20340.658
21890.664
27225.797
13891.268
10257.077
23859.043
13480.527
30072.176
15555.925
26366.244
23603.74
37204.477
14598.069
23678.662
25931.816
14630.424
21251.38
16002.47
14157.447
12940.787
11331.391
25983.463
17847.207
14440.209
24014.68
21774.95
12320.457
18434.256
34875.086
12169.648
33548.855
30556.875
18694.328
22037.84
18409.43
13152.474
13113.061
13237.317
26239.158
14334.904
18989.383
16980.63
13402.399
26261.785
19707.057
28643.805
17335.504
17542.328
16516.11
19510.918
15357.69
12240.245
20296.994
17095.072
39112.492
13497.936
14960.506
13125.604
28986.41
24707.672
15075.439
16332.535
21551.236
19123.055
18901.932
22418.795
9976.957
19605.992
10897.854
23856.707
25049.717
13961.848
14693.519
15550.178
22391.385
21444.145
12166.13
22129.742
20156.34
11770.392
9604.643
11980.334
22623.225
21654.998
8702.41
13935.143
18558.213
14721.806
10249.024
14422.536
23656.049
21056.887
20015.555
12749.122
31813.893
13824.393
13913.102
23087.982
17593.383
13751.965
16389.492
21241.422
21366.064
14629.925
13978.21
12811.61
36678.332
21587.744
16118.15
17835.895
11989.822
19487.135
16291.022
21286.752
17970.395
15086.391
11608.398
11333.855
19166.191
12069.896
17528.877
13827.821
33675.55
19497.049
19927.307
18221.299
18609.57
36671.336
13119.525
19327.74
23208.148
19599.01
9897.292
12359.597
25292.492
23931.756
19713.22
12378.791
20720.094
11723.232
16516.771
13815.785
13168.134
13355.618
16724.44
17527.346
16416.666
13631.444
14715.264
18013.688
12448.335
13712.616
15208.143
20509.762
12335.846
33077.96
13876.322
13212.437
19123.668
17648.676
19633.434
15432.257
22639.09
22395.986
30511.373
17763.66
19915.014
15149.204
11615.262
10447.138
12231.789
18201.523
17814.79
18997.316
14740.962
19434.736
18165.836
16963.846
12690.984
15433.339
14753.74
18111.229
13596.328
25977.594
16236.193
24624.594
19717.309
19573.664
20618.139
17466.664
18619.135
13632.899
12377.459
11338.073
18180.535
9510.283
11797.404
14665.154
20032.54
17116.186
13139.319
21729.312
15521.476
19283.553
7238.632
21025.885
24661.357
16521.344
12218.898
13261.891
16528.812
15518.872
20414.848
21203.557
12805.505
14109.809
11849.056
19066.72
9701.014
17350.426
9772.0
20146.648
20750.205
11935.819
19634.709
21030.41
13774.3125
9912.366
14588.186
11086.951
12958.818
30280.016
12200.724
28664.328
20753.414
11357.332
24537.71
21993.414
18206.139
16160.463
25841.877
12323.893
11742.6
13974.667
10634.93
19951.225
20611.818
20061.559
47785.47
28539.916
8414.681
15090.184
12787.414
40053.926
34348.047
17831.256
28807.111
20330.318
12903.986
28305.63
17266.193
15134.691
13374.032
15422.123
13319.51
17545.727
31340.62
16577.232
15432.858
46034.895
13702.796
18831.219
27091.863
15319.116
22797.256
13124.36
17388.803
20826.033
13929.466
15386.69
10385.551
22358.62
24726.414
16347.674
26632.475
16298.244
14382.911
17892.375
24672.443
17063.752
14141.972
8402.188
14720.076
12051.359
14173.181
13599.055
25275.62
12765.1
15196.044
14252.26
13258.033
13879.533
14199.458
11956.1045
30091.682
15172.226
38897.793
21509.924
19579.182
23396.736
16214.441
19840.236
19974.594
12081.515
11973.381
20975.582
28054.346
19343.771
22033.254
15157.901
22386.938
22267.357
19082.61
17053.838
29288.426
21836.756
16841.39
11250.654
31934.102
14822.015
12871.451
26426.904
19649.111
35274.67
18123.424
10082.423
12654.75
20482.332
35134.387
15618.996
15088.47
15399.081
12266.501
14071.188
20779.918
24755.545
15753.583
23550.207
12981.427
24356.668
16097.948
22530.566
23668.797
11214.7295
17668.232
16725.094
14780.296
19534.104
20320.38
13503.8125
26316.262
19522.424
37947.94
13755.621
14205.997
16464.008
15734.941
17274.953
19970.309
43325.574
33047.2
18982.133
29299.041
17728.459
22110.73
19609.139
15399.185
11542.466
14899.425
19416.076
16145.092
9461.17
21469.994
14868.422
22741.29
23923.426
14443.702
15122.659
39418.785
15204.914
19635.309
9819.648
11999.291
19901.727
14983.416
17590.182
11187.34
16985.66
15511.317
11402.766
19828.715
52012.945
15737.593
14925.655
14258.825
14642.737
18683.854
20548.178
13774.577
29624.1
16014.899
16752.75
20093.863
15405.528
12073.678
19975.62
21278.508
23872.416
20733.973
28595.018
12309.816
22966.283
12062.96
20585.635
14476.169
20570.72
13951.774
19732.572
13984.742
13600.556
23231.947
20728.781
11070.971
21578.855
11353.698
13997.056
19875.916
25530.988
13878.7
17912.846
13740.999
6660.7065
15838.469
15667.58
25913.453
36023.562
22132.344
13238.967
13934.604
17052.748
28231.346
27696.75
17242.715
13829.74
13782.338
26496.566
46853.547
12695.973
12205.453
13557.101
11994.136
13586.881
28918.41
20063.713
21329.365
16515.795
17252.105
19766.049
11559.107
19567.66
14465.356
30216.787
9783.655
13841.124
14583.3
26892.758
31403.479
27877.24
17828.916
18981.057
12751.053
10667.991
30342.268
16571.7
10356.215
12807.767
25695.484
14860.258
10494.277
42607.656
13893.072
9930.94
14303.72
38246.59
44283.902
15753.435
21146.613
15060.673
14211.236
14725.602
8998.456
20568.795
13475.002
42587.52
28166.059
13218.809
12684.885
28641.36
10918.789
15250.831
22902.256
22878.332
23427.48
25334.68
20006.102
22698.482
13622.647
15274.384
23472.252
11802.843
17420.178
28799.23
12624.1
12898.963
14229.814
15014.971
27231.135
20374.244
10858.271
11882.3125
19221.098
22593.934
12801.228
16241.604
24673.822
35705.65
20242.424
35560.918
20793.764
14558.593
7259.393
18851.986
21763.676
21931.166
12496.837
16243.625
15212.169
11430.489
18443.674
26394.55
12961.837
23057.346
18527.459
21805.023
10312.973
13391.2295
19398.102
19913.04
14287.601
15328.136
12802.492
12118.642
13404.283
24598.598
27454.486
12362.643
11793.089
12122.638
16304.733
22187.684
30865.186
20273.002
8781.733
17105.723
11377.406
18535.307
11917.055
7910.8154
11255.505
12450.232
17169.89
13987.702
18229.27
18455.271
9176.483
17940.45
18818.617
23763.836
25039.48
33676.12
13553.138
12589.371
20339.646
15161.301
32847.65
14377.024
23017.68
8895.676
18914.576
12314.741
19820.197
24560.139
13689.947
20659.965
13426.108
33577.562
22529.46
17727.582
33879.016
20147.674
13317.834
11387.529
11935.937
14433.109
20772.098
14254.789
19568.547
23813.455
27627.535
29742.17
13087.422
23843.89
22701.209
14366.098
17491.918
19312.566
14890.779
15777.361
13600.853
17394.084
23864.725
11341.024
19543.74
32280.318
11407.152
30904.596
20184.668
19104.271
24704.533
13471.53
15666.009
19226.67
23772.91
18902.68
20905.965
21806.273
10533.46
11973.734
19734.557
17747.184
18833.826
13840.144
13362.243
16512.004
16386.068
19074.209
24210.18
7945.059
15725.031
21450.076
21217.932
12351.741
15478.727
11689.998
19908.234
24368.398
23308.428
35821.82
17634.668
15182.749
17177.98
18574.338
17511.678
23371.959
12693.926
11536.056
22704.867
12663.423
25839.375
16085.331
22557.834
17756.406
27019.787
12382.009
11515.193
18833.19
21621.031
18335.541
16533.99
12328.991
19540.824
18562.01
10874.751
13300.84
10833.624
16442.768
20346.592
8508.099
13051.89
17309.332
21841.041
18805.484
43412.203
26422.557
21663.11
14463.159
24561.275
16325.743
20289.709
12546.927
16404.031
9478.884
12148.889
20506.014
11245.487
25502.984
45050.02
32798.723
17758.766
10444.889
11172.526
13170.883
27965.537
19896.316
15627.664
29890.904
13185.743
22042.344
21752.658
27540.145
33460.9
18141.875
14500.892
17835.986
10805.229
16855.377
20334.59
13147.109
15213.526
19043.904
21420.38
22436.52
12378.709
9539.569
13530.353
34792.957
16734.777
24226.295
17527.82
22770.115
15675.271
19489.281
14829.227
19309.713
16341.54
18464.71
13063.06
17445.314
22198.53
26374.062
14393.909
12092.955
28543.592
10976.034
22317.428
15537.024
13763.704
17576.658
18013.357
25784.729
12494.882
12718.142
13161.514
22153.473
22077.893
16178.858
15335.71
21713.432
12952.469
9173.885
19573.184
10999.084
12288.398
12197.361
36476.42
12540.993
24698.08
16057.192
17746.117
15222.626
15915.6045
15758.238
23117.404
45288.438
13494.333
11826.248
11883.175
18866.75
22470.41
9078.834
23280.074
13205.028
18439.307
10917.057
26119.512
17401.271
15988.316
23752.107
19631.104
13756.787
35925.258
13229.063
17314.322
22143.322
20352.125
14740.046
11761.561
22180.52
23078.688
23025.184
11853.618
19348.963
16864.512
40112.793
16789.299
18878.777
16247.828
11379.926
19352.555
8333.395
11771.812
11057.74
12926.475
30297.37
20069.254
20391.584
21654.355
18430.404
12462.458
10670.794
13283.109
14968.242
18855.867
13524.837
21822.957
16497.973
14203.189
13038.047
12461.489
21929.514
16967.9
13108.841
18782.74
21778.535
17400.783
15662.644
8822.749
12107.206
14932.662
10283.087
23167.705
20246.996
22632.598
8099.378
19261.836
14886.264
20495.666
17853.623
21860.953
15455.521
22093.023
16388.043
10152.491
35035.33
19063.42
12834.645
13888.313
15633.753
27910.28
34596.26
26063.914
21409.252
16032.289
13714.577
15090.296
24158.096
14931.328
15610.186
10180.487
26847.318
20699.82
17905.582
19399.273
9186.671
10417.339
18808.87
18487.395
23558.074
32207.404
13881.97
16183.504
13296.813
11896.64
14703.185
14953.217
7650.278
23340.322
9833.218
26973.104
13995.938
23214.668
15388.545
18473.695
19101.88
22856.074
17692.48
18907.143
15982.064
12019.664
24647.836
12345.144
