12366.204
18877.996
10968.687
15954.58
12400.287
15748.158
15252.197
31030.986
12961.361
15560.948
17185.254
27527.16
26323.486
16713.82
14348.2295
25230.178
13778.533
25115.549
21389.412
16051.735
20826.506
11981.583
17474.791
17041.72
15691.684
16020.569
21503.885
34778.855
12787.964
11806.434
22807.393
28722.418
13546.975
10676.283
19839.719
16073.223
16309.926
19917.13
15247.618
14398.039
19943.555
10700.867
38785.805
23789.598
11354.091
25535.746
26415.682
7176.2905
13302.483
13098.922
16808.127
17929.09
15644.131
15286.125
11526.673
20171.266
11877.776
14187.71
16035.141
21600.076
22031.129
18157.605
21886.713
13725.702
38077.21
31689.451
19194.246
9595.884
8927.44
26566.312
21744.36
19690.57
18188.201
15790.262
14400.039
11786.816
11317.694
24326.785
16223.368
12377.819
12283.876
33140.523
13183.0
35227.062
15391.333
22525.479
26261.926
15770.173
17986.277
24451.51
26137.383
22196.953
17815.08
15767.767
33558.145
14202.751
19285.125
14704.927
11407.8545
23406.94
19929.648
19583.412
32564.541
19978.512
34302.36
17931.38
20352.201
15508.007
20426.621
11843.731
18846.258
14145.196
27490.553
19605.705
12922.854
11876.451
22094.783
21544.367
17772.994
23106.488
11037.013
16054.851
22375.092
15119.922
20608.312
21317.793
16819.9
11140.665
14531.272
12526.232
20978.207
18518.422
18083.088
12605.0205
24012.838
20203.365
36052.613
11604.774
26040.639
34592.92
12703.717
16132.949
19888.31
22308.264
24648.07
10866.43
20417.275
23939.307
24828.016
8623.931
47752.51
17798.152
16525.65
7936.182
17824.084
19433.785
22563.201
27180.273
16156.25
23182.857
21329.127
16399.363
17585.348
21885.027
14450.406
12244.666
14153.976
16298.915
19203.018
14301.257
28657.74
13192.148
14862.49
21869.197
13450.588
15830.225
8917.421
23761.207
11695.412
19778.629
13486.113
29207.973
20310.184
26148.744
12234.262
19646.521
18733.697
17561.791
23293.006
20004.9
30287.44
13839.899
30710.785
17706.855
16604.336
24223.137
21226.38
27657.924
22039.904
17668.668
19605.115
22464.24
11955.314
19485.05
24326.443
20907.715
16751.37
17637.684
12826.022
34656.97
15086.642
27336.344
26286.951
19249.889
14714.079
13883.727
14270.689
19387.002
15013.507
19281.873
31155.393
11190.585
30044.938
14761.426
13361.965
14289.482
19599.016
18219.229
13467.114
17083.969
18551.738
9771.421
13562.968
14754.34
13412.894
12862.798
22737.309
18967.684
14837.412
11366.867
24268.627
13608.837
18287.61
9597.635
20098.996
23145.322
12046.89
28235.695
21555.93
15234.985
11074.343
9574.765
15094.211
26324.93
20143.553
24243.336
25599.215
21641.719
11813.663
18718.576
20050.346
13818.232
11634.751
22468.021
25368.363
9325.541
25457.676
18244.773
15298.639
30388.54
11739.423
17126.51
49755.65
23803.32
16208.486
27035.393
14343.035
9994.333
38390.094
19447.215
19344.059
16111.184
19843.959
15402.652
14008.91
26777.822
18789.723
21477.79
14992.391
18754.87
24064.135
29327.486
26930.861
14273.455
17450.291
21087.562
31246.629
21571.305
31252.436
21417.86
27880.477
20707.234
17032.678
15499.601
25418.62
17300.55
16679.988
25524.188
17440.785
24291.8
9930.41
26208.771
32618.492
19998.123
12610.956
10092.332
23504.615
31289.986
23749.385
13055.601
21583.213
20008.81
18654.973
12173.347
7986.7065
26633.492
12044.389
13154.609
18804.297
20621.607
19890.572
23045.695
27027.46
21433.027
19052.82
17088.893
21509.43
23167.807
15692.522
21404.357
17977.105
32054.395
15366.976
17712.924
13033.595
19301.85
24669.773
14215.597
13162.902
24854.637
13638.617
17241.457
21389.498
13105.162
17149.777
24592.229
23905.695
24907.777
21469.02
26833.777
20129.682
45160.414
38503.887
20894.494
12899.294
21638.137
10770.03
12854.406
18927.379
19004.541
26338.191
20111.812
24783.295
12679.216
10551.524
33232.76
16889.934
18869.643
13129.855
11145.246
13640.257
27467.438
15737.815
12831.71
8860.883
20226.473
21682.453
16164.803
39878.617
13506.818
18457.475
14012.644
16044.741
14756.816
19783.86
16435.217
20197.242
19995.945
10797.756
41242.69
23680.537
8608.302
22781.924
23714.2
23200.787
10386.105
13637.663
23654.436
23900.865
19824.258
16661.303
16545.963
24948.232
31959.605
37454.59
14391.348
10814.418
19746.686
15119.21
39646.734
23351.72
14495.328
20941.94
23830.3
18700.84
16576.613
15750.869
16492.977
26104.344
14698.598
28478.988
13130.108
30029.363
13753.069
15611.418
23137.336
14124.882
25298.992
8114.0996
18259.541
22746.035
10780.966
12271.974
13278.353
12666.662
22120.348
19175.875
10132.673
12267.853
17833.584
14309.734
21362.658
26611.094
18365.049
22831.752
12650.552
15993.651
14496.682
27166.68
24995.832
31943.604
27240.725
24370.658
19425.947
20858.479
14927.808
24762.65
21825.719
23562.357
24525.836
21361.422
21596.352
19037.19
15277.19
19980.617
16891.635
15792.387
11471.653
23967.904
22560.145
22467.295
10117.407
14900.363
17054.59
13793.597
23244.742
14053.473
12055.069
13040.197
14179.176
11068.219
19518.807
16919.71
14127.632
14247.11
26152.883
15391.293
14242.548
17468.467
11584.927
25239.926
15874.796
7974.0825
17708.201
13378.231
11922.296
12281.936
13903.701
17865.027
19372.275
14922.038
31774.959
22023.195
16999.455
12925.667
14342.379
16472.547
32828.758
15652.645
13755.49
16188.037
12528.993
29186.414
17650.55
26737.773
26986.158
13363.406
19150.137
12401.035
19170.518
11005.614
11760.618
17050.541
8892.049
19363.129
11346.253
32668.633
23142.275
13333.609
10058.411
32417.453
19992.695
17153.916
12517.589
9855.213
11009.197
24274.434
14561.099
12007.961
17060.08
21548.254
13299.08
18600.06
26007.383
15273.56
23069.06
19244.316
21853.361
15919.153
17576.633
23093.975
7477.0874
29406.174
15501.764
15117.88
17124.719
14021.053
14573.798
16221.84
35361.688
18854.287
38372.438
31081.186
20084.469
19482.668
18819.283
14011.055
11114.489
12665.773
13424.122
10434.16
19384.125
19584.133
12101.323
15931.667
16611.336
23743.69
24182.064
15144.473
32780.31
25259.715
22606.059
9630.224
13109.203
11495.42
9498.675
15056.941
45924.53
16968.63
13490.49
6606.3965
19507.611
17766.787
17234.139
20157.084
13368.188
19697.238
25947.998
17463.826
10072.677
18698.31
19814.215
33612.016
31608.973
17375.852
16856.955
21535.586
25568.004
20035.625
21692.824
14242.94
17691.605
20411.441
13410.269
19888.506
27851.635
20077.84
20647.06
23528.812
20707.686
37071.332
21335.508
18212.49
15991.918
19507.215
15005.556
20092.72
22326.984
13651.011
43031.246
12327.109
11486.489
20234.22
12970.417
23954.693
21552.97
18543.693
11514.343
19316.246
20810.652
28117.885
19941.69
17956.443
8767.036
11434.735
22619.465
13844.338
32904.934
13740.044
19770.826
16428.633
17783.477
14960.95
31462.643
15327.728
22978.531
22632.334
23229.541
15267.761
13596.957
21958.031
27238.145
36543.473
18252.393
14602.073
17107.355
8518.361
10851.539
26835.049
16836.988
12721.618
15011.44
14900.217
31035.936
23688.791
13848.185
11908.572
16597.656
21851.35
26262.654
21726.506
28827.225
20411.34
13337.407
15493.45
30352.445
42001.035
13898.041
31791.854
15903.716
22083.027
23312.635
18164.467
36311.03
11029.209
22512.135
14911.48
13661.024
43846.11
20731.904
12232.463
16709.463
19677.953
18261.611
14238.761
15157.766
7333.797
16903.078
16131.708
13882.566
34321.285
22605.047
15578.992
16992.416
15708.193
18332.637
22728.25
12650.985
11216.241
26072.27
7673.7417
20149.152
20840.725
14216.279
15779.893
21015.742
13881.589
10453.337
13061.801
15146.588
37784.26
20206.012
19345.355
15860.574
22428.424
12093.978
16394.129
31881.941
16491.9
14918.555
13674.967
14656.378
19484.213
12846.681
27845.305
11804.22
13544.29
11568.066
16806.129
9760.272
13448.698
20857.654
13016.833
11568.694
28679.352
16036.711
19116.504
9128.966
15022.846
14226.465
15821.639
14040.316
15693.292
10188.721
10199.251
33599.066
9579.911
23234.854
10677.189
16351.209
27857.58
11336.434
17573.229
13360.08
10993.72
9906.473
26057.39
23829.844
15526.954
13004.353
17134.512
12994.323
16565.393
15678.52
20837.215
19117.402
31648.186
16839.438
15487.417
8631.431
13541.746
17040.596
26791.33
20674.537
15043.651
15531.592
12568.987
28634.137
25468.945
9738.077
11785.786
14126.164
21062.973
12274.541
17216.129
10054.119
19235.545
17132.002
30791.365
31664.908
42176.23
16306.029
18777.178
36880.133
18740.69
26595.229
18562.459
27849.854
7735.4014
13255.455
11345.712
15953.939
12112.97
21629.629
14266.368
10410.793
7264.8228
13208.243
20674.135
20167.57
15094.091
27081.97
16196.978
16599.088
19245.508
20101.92
9616.806
30286.148
15448.139
12817.745
14089.612
16486.416
10560.082
30160.332
14556.185
20713.115
14540.209
25821.178
6644.813
14813.504
23742.62
14917.013
10892.573
21970.498
12535.689
26392.303
21183.021
15805.173
12043.209
22116.678
14524.81
24734.627
10414.341
14991.378
16758.518
12994.164
16857.047
21346.879
22027.197
40132.133
14000.036
19035.066
14637.881
9632.106
20651.35
24591.8
33634.176
15771.814
15021.534
26372.041
16329.206
19070.102
48360.953
15079.273
10442.517
13019.183
25539.068
10552.192
13756.403
26257.61
7390.0527
10358.708
20039.312
17851.33
25462.691
23920.201
17712.676
18854.508
17224.203
13039.876
18044.889
13195.895
9929.649
19436.887
32968.832
16867.203
9071.329
25741.977
11256.734
11508.378
21166.318
22001.473
16463.79
25862.361
13187.064
18778.416
22503.629
13907.444
15285.426
12929.893
18955.484
18695.332
20229.629
10270.916
17522.969
15229.532
17681.13
19798.334
13743.691
15920.559
15856.613
15529.9795
16586.902
19998.621
9333.25
10566.809
13322.024
18323.158
15128.54
22007.127
11997.591
20704.027
13903.041
13798.048
21386.965
28526.83
18162.057
12038.117
12659.769
16373.134
27644.357
21866.729
22145.775
25640.13
13584.543
18653.771
35765.605
9297.752
19326.418
22903.5
33704.137
24386.295
22732.164
19023.18
18265.373
21017.62
32830.617
17971.9
13247.048
12926.281
15834.91
10310.936
9419.301
23422.945
36613.42
21268.908
12902.237
20681.182
20897.97
15764.095
17062.916
13576.388
15904.698
12879.905
24130.713
7402.692
11362.443
11286.573
20188.064
20993.648
17026.89
13769.768
19155.434
15871.215
8456.238
9447.307
36742.68
18828.55
12294.268
8515.386
19226.205
9130.0625
16076.273
17546.01
19417.346
36673.777
20140.82
10883.3
13321.151
34780.023
9455.111
24301.43
16389.988
17439.012
18439.277
25133.166
13010.453
20372.297
12215.513
27581.924
12536.171
21853.342
24295.283
9035.729
15567.084
25336.422
19030.441
15842.745
15048.496
17336.186
22637.12
14604.5205
26157.26
16952.41
12822.802
23015.49
26614.291
18701.05
13702.226
15632.196
42169.168
23005.717
12565.506
16979.994
24590.271
22258.398
52986.152
28487.086
21382.193
12909.344
12891.877
20290.873
12021.94
25865.479
32896.004
13565.631
17425.14
10008.372
23886.693
15227.221
21051.36
23599.842
12479.645
22372.674
39597.75
18986.686
18875.79
20215.195
36295.164
12151.929
18638.842
9409.532
14413.29
32314.775
24309.787
14699.435
20233.582
9913.592
19364.275
19327.707
20611.453
13658.309
16059.547
24212.541
15320.196
13428.416
16925.95
17016.285
14345.188
16376.468
33558.65
13442.054
19778.523
19807.162
16095.373
14828.634
22206.527
20408.496
23399.283
24448.898
31235.098
10772.686
17505.982
13229.736
18115.863
14933.025
21688.814
19903.053
31395.67
22160.719
20557.555
8793.361
19677.246
19972.994
15102.551
21112.195
16362.237
18569.625
23777.06
19081.184
20454.357
20046.803
19228.643
33107.85
14639.038
24317.508
36257.605
15042.438
23533.543
15056.3125
18082.666
30463.344
17832.486
12038.71
25423.117
11504.283
20509.72
26724.031
11383.457
16666.723
19363.871
14210.217
25764.672
15314.694
22605.506
13118.211
15712.303
17665.633
19740.73
13197.046
23520.582
14919.973
12610.733
14325.109
14391.163
19067.104
17366.738
21476.326
11609.494
18010.99
19284.406
42374.31
17203.324
12934.304
19127.012
29838.29
13404.905
12894.296
12594.599
26955.645
15875.956
20097.826
14074.708
18299.69
11234.193
22934.46
15692.973
19270.738
18495.406
18905.555
11431.633
19141.18
16991.836
23968.432
10216.844
19283.781
13953.97
21443.568
18636.934
12760.316
20958.43
37727.984
15639.456
20971.219
17248.691
17820.096
28744.047
13831.009
13436.061
16879.377
11040.643
21573.873
21405.662
19314.637
20897.43
40474.734
17454.736
16607.773
18059.084
20842.854
11580.615
16578.135
12377.854
22710.148
18306.545
15859.693
25108.531
13462.698
22362.967
17940.885
19142.54
12560.561
20477.639
10375.509
13131.987
17736.736
20987.283
11731.22
11265.815
29605.445
10331.29
19982.043
24642.424
14728.961
12764.643
15479.899
24968.793
16396.34
26887.418
15493.008
14659.366
15821.306
14010.833
15582.009
41147.65
26471.006
15292.246
8399.392
21730.014
16741.145
14839.3125
11949.924
26371.955
20474.633
19683.277
19741.72
16832.82
25423.701
13759.918
14481.354
43179.113
9591.771
15663.811
17783.367
14302.026
14202.93
16164.612
17608.693
25146.693
13606.29
11699.774
19066.107
13823.981
20846.697
15571.398
11199.3
21133.145
15221.953
10749.757
18550.99
12202.265
29127.594
31256.654
13878.5625
15436.49
26132.62
18890.41
26824.088
13738.695
17564.395
9195.682
11472.01
21410.986
14168.253
12194.694
14983.685
13706.165
20020.742
22358.709
12733.371
10209.335
18933.953
22292.846
12810.156
10927.475
13858.817
17281.705
26391.271
9857.945
18592.32
25643.602
22246.18
20067.014
20576.297
13590.493
23394.268
17916.336
53414.402
31517.041
41114.78
7579.829
11777.626
34159.652
20651.799
14286.526
20177.69
11831.372
12729.509
11856.049
25268.23
25444.525
15447.895
10782.267
23879.49
30916.043
14322.06
12953.938
13377.67
11934.121
32486.14
18692.943
15632.477
23289.588
16652.39
16958.113
41028.29
13133.307
15580.356
20227.588
16315.935
12316.731
14823.077
43512.98
26869.957
14107.823
12521.991
12319.593
18689.654
24224.25
22280.773
12646.493
18219.291
11330.9
12609.156
20461.29
7904.8467
24116.186
15163.872
15920.844
22539.83
17100.21
33372.176
25644.828
12699.491
22927.197
13280.804
22255.275
20110.182
27972.023
29586.32
21328.094
21064.443
18948.055
14558.257
12454.199
21398.059
16758.348
24906.396
22965.74
16876.918
13128.629
13732.34
18384.832
21720.434
19315.795
13149.394
24970.129
16426.984
17457.09
23179.838
20554.195
16779.387
16731.312
24792.51
26625.797
11805.155
16855.723
14696.993
11630.878
20670.406
19850.908
15469.731
14646.324
32162.87
9670.384
12214.617
27060.35
25224.504
16487.578
21410.684
15646.821
16691.799
17616.846
27190.703
14975.29
14536.238
22365.156
12577.555
16530.396
20728.797
18930.684
16267.021
17894.488
23098.37
11628.046
13078.701
13286.683
19197.799
12025.428
28690.576
14744.927
21868.738
23590.664
20337.78
14151.384
22133.93
10200.151
18182.082
16773.213
12654.832
10358.177
35975.297
21219.693
11230.711
12132.944
14975.923
27405.127
17069.17
31562.66
14431.048
12258.674
35363.812
27500.303
20523.273
21020.469
22630.37
18824.143
22968.148
20595.438
13475.598
19223.629
15715.691
18506.828
11132.187
12628.018
14770.688
21930.592
11093.446
15115.329
18214.754
19087.65
8541.962
13102.993
20742.492
16423.14
25583.234
15055.246
12253.027
13486.978
14902.026
16489.309
24104.963
10041.351
45469.797
15738.992
12439.217
32178.246
24149.97
13814.936
23968.729
17709.955
14792.836
21184.656
10690.267
14072.437
9497.003
12969.909
21330.943
17590.162
22871.807
24727.668
17381.541
15751.083
13065.685
20316.201
21726.99
19032.75
15326.527
15843.696
18870.23
18283.404
11841.611
11894.695
14416.408
11870.598
15251.831
17385.514
49518.535
23232.367
18308.861
9768.262
12561.161
14424.879
11796.443
19313.227
11352.871
17409.963
35685.062
26600.342
12181.181
11501.566
19631.717
25640.043
16298.29
21891.701
8414.218
11754.313
10058.477
23902.28
23465.44
16099.778
14667.97
30314.756
21480.844
23970.928
18532.062
17546.625
25244.143
18972.92
30538.7
19379.15
16483.031
15999.404
17072.45
14048.992
30679.861
13506.267
19968.553
8631.964
20169.408
15319.209
30054.184
29848.977
12434.205
14843.343
16841.73
19462.395
19847.059
14988.578
11336.259
11923.13
9203.85
17691.412
28072.06
30749.61
13273.519
18791.84
12514.89
22969.197
11396.978
16394.7
25903.45
10988.678
18622.639
16936.096
17336.324
15027.017
20599.363
14963.501
9569.387
16482.08
25082.436
17823.213
11565.928
13515.061
15498.289
30975.596
26479.281
13380.251
12058.262
27422.977
29369.805
21729.623
13467.411
19835.3
9788.928
10782.586
17651.682
12756.627
26730.305
18084.291
26189.611
21216.818
19163.217
20074.508
12245.751
13315.299
16617.78
21615.822
27011.578
8794.96
22655.139
13353.495
32423.107
28604.64
19871.465
37891.965
16778.807
15539.483
18705.166
11580.654
16746.094
9778.104
18604.107
16215.277
15569.313
22728.37
21990.275
10522.768
16602.49
20574.791
4442.826
8019.3447
11908.859
18535.129
33074.805
27768.81
13913.889
16645.736
23510.016
14885.284
13432.355
20415.416
12021.923
18927.363
37381.34
14381.426
20685.691
35877.43
16994.645
15933.802
21411.799
20199.582
12713.163
17233.557
15946.089
18778.65
20706.01
36283.586
20275.186
15318.115
23063.484
24488.025
24015.834
14543.961
25713.3
18231.82
10162.426
24467.898
30097.48
19957.842
24363.635
21893.984
12587.892
28884.113
18508.04
10344.527
11919.473
19097.787
22741.23
30578.28
17336.969
18290.498
19455.021
12406.773
14792.254
11867.335
12421.892
38168.9
17264.48
12820.835
27035.584
30619.03
21012.182
17909.65
12444.6875
24228.709
36015.855
23532.564
20909.953
11670.921
22548.01
16203.929
11552.828
18138.984
12572.014
9107.269
9480.096
28177.45
27962.545
10381.184
14128.621
12492.867
13564.198
20606.354
23129.018
18306.516
12458.144
16421.451
13191.414
19995.008
15036.87
13948.15
18356.363
17408.893
15336.102
18857.627
15955.506
22218.42
21015.564
18909.785
15788.844
28385.195
16950.549
20892.535
14436.829
15448.952
17280.76
19943.117
14340.745
18644.85
26255.645
21915.45
34308.137
13914.325
17571.33
19035.387
13044.329
20875.875
11982.363
10799.021
12460.206
14228.576
13227.611
30291.389
11080.31
22898.572
16243.73
16288.419
23757.785
18821.723
11683.485
12296.733
13216.395
20369.146
22116.762
22116.22
19220.277
26481.053
11086.072
15908.246
13925.6455
17105.076
33593.87
18239.008
27191.572
16968.521
24398.047
20569.277
23071.43
14501.638
21702.223
26217.742
7642.8584
9739.837
14500.101
16001.466
24967.602
12116.179
13279.285
20344.277
13941.131
20208.531
13969.272
20119.6
14338.798
16432.857
14557.718
13645.599
12916.212
14895.605
11740.257
31736.883
14801.245
17261.697
11649.503
17567.709
23432.156
28681.418
21638.744
12701.75
14311.131
13029.668
14164.595
14524.36
23637.715
24963.203
15104.55
15751.648
19330.133
12195.938
21496.174
11523.944
13657.9
21322.125
19840.604
12635.05
18256.732
21053.5
24637.393
30008.465
29836.129
17109.69
18088.867
10660.845
13637.894
14692.725
6821.934
13435.051
20483.902
17626.771
16418.469
13563.975
17030.56
22974.094
33224.223
38542.61
31248.781
18298.867
19870.812
21237.082
15527.68
21499.688
18969.074
24572.363
13426.24
24293.555
15641.209
13701.139
19978.615
28907.605
34142.715
17452.334
22646.014
14084.149
13279.042
20169.664
26772.523
22950.586
12562.9375
14341.264
12033.357
15191.521
15131.369
20236.45
18001.557
13267.764
14610.976
20388.623
30062.197
28964.639
16397.428
21053.861
16057.198
13806.877
6695.681
15912.379
9835.783
13981.895
19673.12
37786.61
16948.02
20471.342
13315.428
21050.549
23671.904
12092.585
12978.655
16598.117
11472.058
14174.563
12698.792
19671.812
19967.5
12855.362
13265.896
10304.218
35217.363
37210.188
19761.793
16427.994
9738.023
20828.088
17866.064
9803.62
27426.701
20738.14
15867.672
19620.555
19713.932
23579.115
26301.426
10981.519
31696.117
15144.635
14690.978
26444.857
25192.748
13176.063
13432.163
12770.56
11593.182
14998.21
11420.678
13435.4795
7336.8135
15419.397
17983.451
12308.527
45627.895
16990.375
13676.613
13226.815
17715.033
15350.8
13365.37
17942.88
14187.293
9777.008
23489.752
29020.271
15761.77
20364.588
33920.695
18140.838
37377.543
16368.37
19907.438
20346.104
10809.807
16957.322
11064.946
12201.3955
18483.578
25043.418
11322.528
17192.93
26826.727
12839.625
25283.535
17306.96
13316.908
7872.7573
18966.055
15049.486
16894.842
17178.49
22514.879
19505.996
20625.03
18105.03
25578.879
11742.758
19343.43
27671.91
24371.154
18949.908
16547.207
23829.74
20093.438
21731.04
23694.273
23159.82
17918.0
18653.066
14410.579
18646.2
12940.418
12969.181
16743.441
31358.346
13190.408
29282.787
28478.207
19439.26
17135.541
17445.336
24945.295
18734.299
13490.211
12952.632
17439.201
20444.404
11306.622
26866.854
20232.486
19553.447
19373.771
16428.732
22317.926
26503.816
14453.779
46429.78
17003.209
19057.408
23798.836
14610.062
23671.225
11969.035
23564.104
21083.523
17446.812
21091.227
12497.32
16404.078
17462.049
19413.113
21259.232
26658.266
13341.63
14183.086
17777.373
15257.258
33196.41
12647.092
13311.995
20672.629
16517.227
25268.455
15773.03
26917.047
25071.258
16973.38
19172.969
15444.136
16968.309
27232.453
17297.666
21658.398
21207.027
13815.107
14482.682
13662.702
15552.05
17940.498
14063.6
9791.332
12904.744
17200.861
22723.951
9293.213
26754.691
27055.594
15361.652
13081.455
20630.654
10637.659
20359.74
11760.871
21150.947
16777.068
7812.9443
12361.526
43380.453
15292.529
13118.679
15055.791
20055.92
25094.645
16039.635
7817.351
19999.166
25282.652
13448.951
19678.037
12487.232
17281.387
15328.721
11052.658
12255.375
12780.122
19258.246
14665.665
20648.271
30011.72
12368.263
28020.76
16455.988
29921.531
24782.604
21154.3
13123.809
12124.3955
22635.75
16968.29
11492.755
17063.096
18360.03
22040.746
16253.95
14997.7
18221.205
33430.035
9271.054
20164.158
22025.943
19942.393
14838.98
15790.989
16857.775
14654.489
14812.748
28198.299
17785.42
16947.953
19916.404
26806.586
16082.203
11866.872
13730.802
19356.512
12048.869
19272.348
19001.322
19111.164
22533.346
18543.766
13530.286
25273.559
23225.91
12468.667
9240.828
14361.722
19990.957
13780.527
28438.07
18204.496
15410.11
17863.238
16957.812
32678.197
15943.646
15136.328
21974.08
10232.635
14247.771
19447.545
15590.802
14040.401
13906.126
19274.967
18580.47
19606.922
23864.73
17103.92
15699.41
9040.544
13481.027
26222.338
16582.557
11994.7295
13883.379
24416.396
13996.636
16944.5
14168.515
24831.416
23836.857
30321.479
20828.568
23742.62
20883.209
23654.945
12952.037
21549.71
12507.933
19701.06
18372.602
30766.564
18777.568
20364.428
18855.84
26205.469
15297.808
14765.958
13145.511
17939.396
33065.645
15201.118
21603.9
21273.627
21746.424
26688.676
19329.736
13783.8
11556.931
16053.247
21076.842
14007.671
20973.79
22651.215
9981.867
22525.764
16346.7
20009.004
20024.146
15507.922
13586.056
13076.747
21053.865
14266.794
27493.328
20358.818
20617.37
15529.35
9788.4795
12399.046
15773.05
43929.297
25093.6
19982.973
11957.674
21005.553
11139.334
8838.582
12680.913
13486.04
15200.469
12256.283
8950.066
9250.425
11638.117
13556.118
17656.69
17445.574
23162.262
20910.607
11395.47
23333.822
30845.9
16942.96
27303.96
12915.577
18211.322
18730.82
19367.053
19221.736
20190.725
20951.066
24255.947
17900.338
26639.23
18517.059
15814.006
16876.688
21491.059
25328.959
21335.973
16274.879
26111.21
7265.0225
9907.908
18119.844
33237.207
15935.875
15811.771
16392.488
18976.162
11926.703
23417.852
22738.285
20059.43
12813.427
11228.924
10286.801
16035.842
25457.305
12730.973
19162.203
12280.977
19365.758
13282.962
12131.735
20705.814
23462.844
20276.398
25127.97
11297.857
22964.73
18580.61
25113.219
12752.861
19911.727
13503.311
8720.574
24500.758
12823.014
19021.035
22304.496
12182.956
16936.457
20330.916
16584.088
14676.745
14442.85
20383.084
12186.162
27150.346
23259.742
16982.055
12731.934
16477.627
21695.29
20873.979
14351.414
13494.072
18520.436
13781.129
22276.258
19787.068
8703.424
30150.434
24059.543
12389.482
12521.756
11755.034
19319.875
35553.39
10339.872
17939.195
17203.25
14562.062
37485.297
14338.376
12490.832
13954.852
11507.683
13435.416
35913.62
13309.105
11517.797
10478.433
19761.162
20379.783
25893.059
15834.195
9211.159
19178.557
24328.87
11717.869
13029.803
12904.548
9513.744
11669.889
52271.855
13353.402
23832.71
14402.448
17882.174
19703.111
10644.926
21911.168
15059.859
11031.588
11874.21
16982.012
11459.879
13221.795
12955.005
15151.54
12935.125
13225.584
20906.678
14991.787
21196.166
12267.547
12133.565
19848.844
20803.965
18796.068
19492.01
13134.538
17695.188
21614.152
8052.092
11925.706
12191.839
12615.007
23137.834
30979.648
16937.604
20865.068
26882.053
10919.452
35079.203
17010.12
9816.714
11636.867
23599.303
14372.175
13045.035
12132.542
15177.785
27379.537
20705.986
12460.358
10953.458
23437.053
16953.72
29735.482
15478.353
9694.181
23642.857
20004.738
24369.533
13841.296
15982.454
19272.639
17673.88
17402.156
20050.352
14585.193
19694.828
13472.49
16394.229
11922.828
9608.632
17425.225
16085.984
14435.035
25558.646
20646.05
19993.924
18127.355
29070.303
22223.23
18886.527
21116.762
20830.107
14491.194
26865.389
10963.188
11626.837
12351.695
21231.934
12752.65
14751.914
9769.087
7508.9707
11533.446
19035.545
21678.379
21228.666
28014.096
14819.081
12035.416
23806.775
15830.77
10928.76
16140.414
14484.691
12158.205
19670.246
22645.092
12615.095
13156.782
14525.002
19779.56
16377.032
22908.457
17246.398
12118.387
23995.512
28700.71
34280.812
21887.783
14237.899
19060.852
21513.617
13692.332
11504.809
15482.049
20965.447
23479.74
10132.797
20751.352
21684.604
18611.594
9976.908
20112.93
24686.201
14021.599
36295.875
14886.235
12556.253
13956.517
14682.646
14295.179
12848.115
23894.062
26698.691
25177.207
11889.935
10186.759
13856.584
37951.824
9159.392
33299.52
21084.682
32806.367
19857.125
28528.65
35626.9
13011.855
19443.162
20643.041
7735.612
42308.137
14869.947
21459.967
20944.475
22295.22
22288.828
11744.733
13113.895
26247.479
35499.707
9440.065
11937.686
14747.862
13123.869
14235.072
22105.266
12112.008
13527.11
17820.996
9628.506
17614.857
12433.041
26018.006
15170.876
12635.672
19784.146
12498.506
20123.957
16275.824
12322.914
36582.727
20971.61
15436.216
16310.907
16524.463
16936.057
15257.68
17234.56
19454.482
36786.39
24425.336
15340.237
31535.059
36913.844
27745.398
11901.464
14105.937
12284.413
15900.733
15022.214
13705.447
12551.955
23415.047
12265.067
13205.661
27241.082
19213.893
15684.079
15004.0205
15353.447
9366.649
16196.386
21909.793
11208.461
11529.858
15105.27
26330.475
23430.832
10906.12
25257.02
16758.803
23411.762
13648.854
14426.719
16614.65
15769.838
10930.184
21710.008
29416.463
10677.995
15395.146
50241.395
14231.099
8479.945
9980.162
18484.342
17738.9
24343.818
15126.481
21027.12
26149.219
17118.787
22190.354
13289.23
12937.151
38646.523
15509.648
19254.422
9684.323
15852.828
10474.787
14997.513
10807.882
14450.161
16848.771
14247.179
9042.51
21966.076
17133.2
9574.078
21416.697
7991.922
15839.171
16881.945
13303.039
17087.457
18460.32
12826.586
12179.846
25921.367
12508.255
12506.104
19134.207
21186.12
20087.29
33931.65
11490.437
19827.803
14465.895
24624.146
15114.707
15386.546
24715.197
12450.672
18245.846
23821.523
25133.248
17114.127
22817.668
29091.236
16308.466
12225.452
20440.695
18641.09
23650.64
14732.1045
11613.788
22447.062
13998.303
15553.189
17921.691
24172.072
14174.637
18067.6
18081.367
8514.044
14199.184
23501.844
13283.5
20297.572
20535.752
21951.748
12970.81
15898.0
13847.699
17056.951
18311.664
18551.07
18605.82
14722.92
23209.312
10633.591
13741.951
16014.618
16774.164
16018.428
22315.564
22592.818
14953.613
37183.918
11315.058
14919.547
21078.951
18131.012
18042.56
19240.627
13713.283
13482.0625
13116.378
19444.686
12103.418
18093.248
24803.26
14331.569
13801.331
26308.219
32259.785
15949.934
30747.258
16400.713
14111.296
11022.259
13800.074
24198.826
31842.29
19381.908
9540.08
15793.038
22327.852
18822.936
36114.82
14348.833
12133.735
19870.707
21319.477
25834.564
10900.795
24442.865
8643.166
16112.817
14748.178
16130.585
16581.82
11305.934
23383.922
13721.117
12489.246
15799.438
20894.607
27516.54
13423.655
21720.225
12089.019
14388.893
18339.203
14434.876
13541.874
12972.164
12477.866
14440.457
17243.28
12558.381
17211.1
11216.718
26042.572
13526.089
20867.57
19275.416
20033.01
20125.855
10700.057
14771.081
9364.218
22338.193
20673.322
17610.766
9208.914
17470.717
27341.352
11625.435
9634.761
14939.631
6694.9824
17545.746
29088.068
29465.865
20088.244
17090.303
17585.309
35032.75
12566.167
12598.67
12978.427
8951.201
14193.628
20398.459
20888.564
19007.23
30892.518
14209.582
27476.645
11278.441
14769.813
15526.249
12394.596
21646.164
36558.098
14957.24
12000.669
13547.865
20677.03
28444.871
12334.108
18259.783
19592.145
28069.947
12687.471
28475.31
22310.877
13879.667
16142.164
24009.574
20728.654
12396.525
21473.463
22867.266
25017.844
27452.291
18531.672
12688.483
27448.225
13034.393
13949.621
17464.363
23320.81
11479.847
11879.389
10374.344
16995.854
16688.523
17803.111
24903.793
14054.503
13861.84
14059.487
8545.83
18251.676
12744.08
21169.434
12140.233
17989.205
26770.459
16901.275
26779.031
23338.643
14396.602
16052.985
16375.509
12726.514
14166.357
18607.463
14864.965
8031.923
16164.022
16679.416
20879.459
16135.846
23967.38
18228.773
13616.698
20320.545
19318.06
12205.53
14484.349
19009.943
18597.848
13034.394
14317.953
17000.908
21099.283
22288.543
15392.714
25939.502
22587.758
18832.953
31709.045
19641.943
22853.434
23089.908
20018.318
13790.616
21421.459
16388.97
10910.605
18313.92
13193.115
10393.665
17742.51
11707.405
9190.62
17487.734
19278.494
13885.225
13032.186
26939.406
13770.864
14142.4
16958.73
32399.758
22500.762
13464.559
17679.871
44463.09
17494.488
17574.777
28326.96
15080.387
13055.212
17117.404
24960.172
14939.89
14562.991
15560.772
14262.382
28002.578
24475.756
13233.208
15768.721
13287.7295
21852.621
14704.044
40293.105
9288.65
16427.383
18438.424
17696.93
8532.415
8550.998
14938.761
22025.027
22715.62
14277.402
14727.698
17173.08
15973.625
31826.512
19857.492
34636.62
13423.188
25437.6
15959.247
24255.414
13704.639
12941.858
11846.08
36695.453
19443.225
13573.774
14665.92
19560.518
36747.273
15925.647
19945.365
15923.1455
6821.5605
16546.658
13317.987
14760.455
13188.009
7967.995
21074.908
10434.858
15637.669
22173.91
16618.342
30834.432
24511.457
27749.012
23736.693
16904.588
15712.632
33484.246
20522.941
13966.108
12364.959
19619.031
19427.383
25895.959
13493.303
16436.504
25917.654
20501.693
12836.363
22661.822
17501.666
19781.176
15831.206
29314.984
13666.588
10717.568
23874.73
9068.819
15323.488
23873.549
12113.462
22950.682
13454.863
12619.181
16384.992
19796.814
28883.723
20867.03
14764.267
19780.1
20974.031
13413.658
23179.113
19019.895
12673.383
20818.182
42708.695
15294.665
12511.058
15643.189
15568.794
20224.93
16788.72
42253.785
12841.58
17337.256
15544.31
10671.063
16643.137
12715.402
24268.852
13013.84
14087.571
24250.574
14737.737
20110.242
35292.465
22053.436
14130.876
15473.971
12165.751
16989.348
15485.423
16657.912
16024.915
43707.973
23145.982
18404.34
7819.4766
14089.886
18667.164
30510.037
22341.793
21772.62
10542.341
23577.46
28231.928
18456.09
12762.539
13453.921
15594.256
16277.203
18109.916
17999.37
12836.399
19469.275
10534.9795
11612.051
20697.205
16492.877
16636.352
15064.263
13691.586
15255.894
12283.904
24839.557
27694.883
11255.178
15332.964
11414.271
30693.262
24708.012
10597.828
21438.223
16339.364
33172.086
21357.078
14059.554
21100.795
13641.407
22044.977
19354.727
29049.168
13284.723
19044.668
12404.348
21139.096
27062.645
8378.26
20738.738
9393.348
9601.087
38298.105
13901.116
13900.813
14694.595
14593.686
14973.949
20823.592
12097.176
21922.145
16585.873
15604.549
12195.16
15386.287
16477.3
13034.07
13434.629
22863.633
19513.35
13924.384
18295.334
27345.111
22246.885
12690.935
34816.305
12064.285
19261.08
23256.111
14626.534
16014.982
15951.261
16259.861
12889.215
20043.64
23924.904
11194.042
22332.768
12758.048
30894.273
14142.357
12358.99
18522.934
21932.957
26043.459
24541.473
9122.937
22684.133
19297.643
15517.024
23322.334
14674.454
13566.038
12613.638
19638.027
17467.824
15861.857
22503.627
8735.497
20042.463
20636.686
14319.985
16562.533
23664.143
15436.741
19553.234
14968.411
14926.782
12020.454
12509.331
12313.984
11449.301
15023.376
24787.986
15745.816
15345.45
39966.367
23090.701
15519.669
15714.246
21919.076
12247.068
9087.0
19008.34
17117.613
14696.317
18958.86
13667.563
16287.843
14420.971
35565.465
10588.83
28134.273
17807.879
13091.616
19968.303
11959.473
14478.415
20096.48
16965.627
31237.45
17157.738
20309.7
24915.674
21749.2
22997.934
13080.636
12765.004
10604.018
28232.527
13131.568
16286.876
11732.383
28106.188
8873.965
20327.434
16206.377
18020.188
10804.38
26252.924
31410.957
21370.113
13751.611
23297.295
29210.0
9701.015
28137.867
11371.522
19469.428
9450.31
12267.657
22838.717
20307.988
16062.454
14707.012
14368.75
15629.415
23397.248
14047.087
21366.137
20065.158
16602.232
17822.295
20085.096
11337.892
20979.615
25164.117
17292.805
15692.388
12444.697
12345.153
12662.791
18383.232
21725.203
20702.83
21780.887
25588.59
14830.147
20981.95
16101.31
11529.3125
17486.22
23320.727
13460.653
13235.271
14920.52
27065.402
19419.5
15075.097
23519.99
15234.495
14782.923
9164.637
20111.643
15469.222
11120.918
13077.797
12682.446
20369.8
14445.025
14817.854
24897.846
18745.541
24525.943
14672.69
18605.674
23851.678
14638.8
12813.703
11809.366
14090.2295
12615.388
13184.5
10616.146
17107.635
16130.147
28866.273
15017.117
17261.037
14151.275
20761.535
21638.045
13225.044
25864.115
15711.065
28445.002
18206.605
20106.074
17813.055
45606.992
14546.404
24105.578
25010.21
11163.23
25211.092
13350.715
17523.734
17428.248
13148.831
12125.869
16488.355
18270.9
24089.639
12736.2295
11588.357
19258.76
13915.069
11679.07
34273.086
25904.637
23635.982
13028.083
22327.213
21701.826
31037.385
20951.777
15873.359
22206.523
10389.432
14637.222
15883.774
28032.06
18338.271
11646.016
18746.252
17228.361
16058.121
12011.885
8857.778
14497.789
12145.676
17788.658
18672.67
19181.232
19046.738
13436.248
8897.833
19345.352
16868.705
15569.862
15694.619
13137.667
21459.977
14988.872
13494.387
16308.423
18255.066
13864.601
23656.172
22312.072
15751.845
11314.242
25891.252
10699.8955
13367.214
15499.819
10297.291
13176.095
23994.537
35182.48
24526.875
17671.256
11394.342
27556.244
16729.533
11388.607
14260.311
10881.129
12951.117
14376.622
13287.527
19215.3
13422.971
17538.291
16937.352
14166.798
24850.594
13590.038
21347.46
23625.846
10757.554
18338.348
7558.805
21864.727
6710.5557
24440.453
19331.893
11794.646
12493.232
25105.12
14033.849
14386.0625
21964.676
25771.918
13360.091
22819.6
5952.247
35663.23
23582.191
12923.956
12833.73
11245.997
17776.688
25961.736
19663.045
14611.059
16099.746
25439.512
12085.3125
24374.621
18895.723
20674.209
19658.457
17187.277
10350.256
20601.676
13123.064
11566.588
19822.852
28634.78
15718.285
20459.348
26939.44
19060.799
37847.855
16698.871
27504.45
16664.287
23978.156
15253.296
13098.125
18236.184
18244.014
32861.8
14573.611
13013.391
15141.328
14656.359
19156.533
10302.149
14510.445
11841.78
34643.414
14851.111
15470.392
10149.986
13075.047
18599.426
21601.062
17605.799
12810.388
17916.4
13852.025
33956.16
24108.006
13613.791
20886.44
22885.04
40208.617
16149.658
23284.754
14915.92
12727.916
11433.079
20987.234
25278.705
15909.48
14455.076
9714.888
13967.745
12946.85
20003.268
19728.695
9474.489
14437.401
23196.398
15879.552
15556.459
27363.4
18498.62
22994.486
16749.94
18367.637
21590.205
22955.771
22084.518
12965.103
17399.082
9818.284
20197.04
39888.383
26700.875
37288.773
20648.19
14062.184
24674.809
23090.406
12161.972
13839.2295
17592.498
10001.344
19972.09
14043.796
24294.38
10610.406
17006.654
12514.951
9240.539
12172.474
15664.587
22021.418
43839.508
16025.428
14235.6045
19413.098
23526.135
14246.357
26353.48
16105.419
17147.588
17476.05
19496.936
20161.992
14816.588
18348.059
9891.368
13771.143
20714.828
8537.873
13997.513
11569.898
14220.396
13523.547
31214.209
10742.462
16251.953
21376.27
12081.708
36236.145
32688.049
21239.379
23357.57
13001.827
19150.363
8806.142
12668.159
33600.695
17528.197
37350.156
7182.9883
14273.047
19297.996
11284.988
22600.791
17735.219
17933.604
14059.51
14493.6045
16776.28
20657.69
20385.12
20538.375
18283.637
17832.316
10299.72
24190.586
21320.973
15817.776
21761.92
17268.96
18757.594
15590.496
17285.033
23209.652
12533.875
34117.71
20768.406
11047.524
11656.162
15528.187
8929.217
15446.967
25450.35
17622.76
12117.255
12148.821
17615.56
12923.248
30690.27
11343.191
20048.768
22635.098
17487.936
20722.385
15187.061
32456.877
30788.082
15666.117
19669.48
13231.049
14695.589
25273.574
11772.279
17210.578
16669.334
44310.664
16972.371
13425.239
15307.883
13027.134
22365.582
11285.526
24328.59
36776.613
11866.437
13799.794
13613.928
18603.201
14431.922
24146.2
14165.298
19188.771
18937.934
19350.314
36635.79
14332.529
13439.463
14769.06
26184.824
16499.303
12862.646
17169.879
9670.34
14593.086
23890.709
12887.271
36799.69
7763.932
12434.649
28353.287
19575.105
15987.571
20784.78
7855.1157
21690.994
22338.47
19596.982
11730.976
13012.915
12848.7705
25262.389
11267.936
19664.688
19506.32
23956.088
14699.112
20353.855
17597.012
18989.898
18143.236
13057.785
8414.862
11750.894
18242.314
12882.478
12660.833
19825.277
17203.398
12349.624
19020.934
22524.742
17897.553
14649.19
6146.8384
15588.561
32835.297
12543.243
17826.48
21105.148
20019.104
15695.074
17645.627
18843.703
21429.807
23601.56
22525.654
27671.11
11591.409
19266.94
15278.4375
19002.592
30156.812
22575.432
15458.541
18434.947
19015.455
13372.06
16156.99
15920.415
13167.97
20342.547
15272.428
17426.096
11164.921
16543.5
13306.421
12932.61
19282.064
11869.289
21798.537
17611.174
19412.14
13186.21
17676.395
29277.385
19486.87
24401.592
16371.953
13793.209
17184.912
12639.342
25083.482
28499.58
15999.518
13708.19
29235.148
20983.336
12508.365
15984.021
13880.539
20544.453
7812.207
19330.96
11665.672
19511.783
18138.098
11053.759
9487.641
17101.809
12394.378
36164.25
16226.056
20425.6
15645.468
14922.491
24515.916
11812.118
18955.969
12524.468
19455.549
12683.469
19763.096
19861.14
18200.008
13486.889
10368.374
21067.07
18544.912
24449.07
20335.277
20786.297
22317.072
15741.91
25866.06
13860.946
23564.646
20006.982
22090.277
15321.025
17822.688
17889.822
14139.479
21102.781
8766.31
10094.1045
14625.429
11960.298
19635.27
24114.041
14906.844
19275.393
40122.72
27077.648
18794.43
11062.501
29613.9
11966.491
26613.963
21503.59
14421.616
21070.504
23041.08
15118.75
16275.893
13331.79
20818.32
13977.491
21559.785
12152.899
13485.843
20898.768
13223.521
13476.086
11524.02
19626.518
11967.01
23492.312
11860.173
15885.515
21181.916
22457.46
34580.883
34546.78
18991.832
18128.78
17742.422
13923.003
25597.744
11174.245
13020.369
29422.645
18188.564
22927.0
17301.547
12715.43
17747.19
9167.243
12063.223
20634.418
8428.719
29080.238
9622.683
13626.503
22100.61
19485.322
10794.932
16748.623
16680.96
17148.865
21451.922
11493.598
14460.459
12379.7705
19714.707
13819.112
21885.098
27559.322
15386.094
20628.254
24132.047
9106.91
12573.618
15682.557
10924.4375
23582.307
29448.234
11398.267
25896.965
11935.739
11253.177
12221.769
30599.07
11416.811
10376.475
20165.27
11282.873
18469.453
33230.703
17171.348
26484.361
9256.855
23175.56
16731.004
18492.918
8711.622
13607.374
20657.559
13352.643
20167.662
32659.086
24221.324
13231.507
27346.174
13461.342
15496.644
19722.812
28413.355
14819.337
24097.93
12370.261
20754.566
18784.867
23272.666
22246.723
13282.891
23148.412
22386.197
21202.809
10921.423
13037.065
12424.343
30448.752
19199.424
34250.906
18844.25
21008.785
24000.264
13608.011
16791.09
17688.904
19378.71
20787.11
19912.395
17558.72
7066.896
42630.355
17111.377
15504.149
11875.852
13465.704
24904.756
12364.105
14459.483
40596.2
24755.643
24466.307
22457.895
12601.701
18731.557
18031.113
14338.828
14704.566
14734.818
12773.961
12931.148
18563.748
15640.1875
15559.436
18684.75
27106.584
20646.238
26934.639
12452.129
11956.576
20783.273
18556.469
23797.938
18641.152
16480.188
22284.379
13750.658
35282.914
12685.339
20588.459
16826.064
16429.35
23650.234
22803.982
17514.66
13231.824
25905.105
13861.183
19750.408
16501.76
16364.497
21343.219
19866.102
16860.732
22437.023
26742.846
18006.648
20473.256
25642.64
11803.461
13805.275
18082.736
19851.258
21749.115
8894.28
10698.403
18787.48
30686.492
12343.939
10785.155
19190.916
14110.7295
34825.82
19663.438
18691.666
22426.848
30466.984
19827.695
22941.752
15251.83
11729.725
17984.268
12611.06
18291.744
14442.054
20779.104
15473.247
19319.121
10420.448
13039.268
12741.628
14459.349
19909.178
12269.8
10844.253
43047.594
24896.127
19689.11
19533.646
15137.793
15752.548
24841.871
40969.594
8867.765
15437.5205
18279.217
12672.765
19229.066
13919.791
26344.277
19605.916
22611.645
13421.445
11604.125
13016.455
23211.893
18631.234
19728.703
12982.802
13509.62
25894.48
23305.818
19851.475
42006.94
29243.8
17693.195
18215.363
21118.973
15778.201
22508.61
18670.95
15877.99
24809.83
12321.023
14974.539
13256.944
19558.814
28931.953
38291.402
18289.545
13582.226
15597.703
11731.299
14816.802
12218.803
23029.676
15121.71
20469.727
19824.654
23279.111
9029.002
18612.768
22780.521
22470.086
35448.375
15598.934
12835.868
17647.174
12924.18
23789.52
10403.294
13240.963
13032.147
16140.498
12504.554
10563.439
22297.107
25213.105
12146.832
25624.379
25268.682
12865.438
12770.5625
20987.844
10139.109
14621.471
18878.047
14469.57
16599.484
30985.736
23455.275
16801.764
17059.385
12319.957
10830.346
16043.574
17204.756
20425.988
24986.945
12032.1875
37972.64
19531.234
20064.678
16028.284
25885.137
13814.472
13293.183
9911.377
17936.455
13238.227
10644.218
23343.904
7842.865
17951.596
32243.455
15140.07
12172.152
20905.45
19409.863
13320.276
15557.802
16232.089
12811.471
15241.193
17014.082
12285.245
10829.42
31190.104
21339.146
19475.41
25687.643
17630.232
12833.134
18972.219
23707.678
27664.494
23704.012
14762.341
10782.227
11607.984
8538.503
11977.235
11052.347
35035.75
15912.576
23913.146
10065.064
41461.527
16460.639
22049.346
20372.033
20094.322
17769.482
20362.285
13548.157
12532.736
34274.2
13912.254
18880.22
22533.064
15099.74
18284.057
12747.366
14788.085
27840.658
17170.94
14690.351
25911.809
17782.771
18087.508
20330.143
19775.625
16008.991
8376.109
15512.536
14961.088
13033.308
20916.842
26985.225
10377.8955
11679.885
27094.072
33234.31
15867.763
22813.803
15617.677
12975.623
17798.363
19672.398
16402.666
28687.559
15910.308
11264.394
14279.9795
15665.666
21952.875
19390.559
48786.39
27921.547
12074.241
14029.935
18725.186
27435.285
12098.954
11773.22
13186.891
19825.283
32109.11
16435.098
29371.324
17833.75
12691.611
8655.144
10912.981
13407.961
14281.8545
11422.887
23043.443
29591.379
16906.082
5127.621
25032.697
16006.5625
21768.436
18184.8
22872.922
15682.578
22916.61
26721.434
17878.82
13685.613
27695.01
11017.149
19447.262
20700.22
8067.0845
21899.252
20201.283
14188.811
14039.316
18716.084
11857.36
18805.553
10704.713
24157.127
21958.658
17313.85
12605.807
10007.593
12203.782
17432.344
28570.422
29646.336
7990.8438
15262.291
15356.975
12716.983
12936.039
26564.07
27405.941
24599.525
21431.72
15424.869
10462.572
14777.543
13843.038
19519.465
31445.832
12994.026
18946.54
13263.838
11068.472
13067.121
18612.066
17019.453
40845.76
15156.765
13638.81
25571.049
23880.79
26282.951
10149.16
15064.506
15263.503
13083.823
13342.746
19305.025
12127.889
20745.646
15777.353
20261.986
20959.87
23594.527
10851.535
28358.178
17086.342
14217.689
20494.41
27471.336
11008.144
18605.473
11124.753
21778.014
8756.493
30921.205
16150.404
15423.056
10561.083
16889.83
21193.316
27058.52
21990.336
14018.765
24256.777
23345.006
22763.941
14099.138
13082.446
18880.936
15878.091
20341.209
18915.797
22289.414
15144.096
20473.166
17077.465
17333.111
18592.0
15680.58
32992.43
20434.184
22923.805
25908.203
14200.962
26052.76
24552.418
28898.031
14808.41
13171.909
18358.139
48522.906
21237.818
12778.02
9422.257
16552.371
26881.273
21861.248
15990.891
18356.223
15107.597
19139.396
22069.555
13671.674
12734.516
14477.795
19790.943
13857.743
20585.38
15482.829
20037.451
30497.924
20471.611
41671.125
58132.305
14375.305
23176.896
15201.187
20646.346
12916.0205
15193.214
18855.264
22172.49
24334.219
18063.77
19342.512
22691.17
33556.26
22190.037
18079.848
21164.184
12663.44
24795.932
18007.188
19092.91
19034.203
14863.537
21112.54
40944.39
20677.363
16164.833
19738.293
13012.957
9642.74
29421.713
21185.107
23388.613
16180.787
27869.182
10133.46
12977.946
12371.849
17007.838
20339.447
17150.887
13710.269
11424.059
17940.812
17571.658
22082.805
17149.004
21296.52
12569.666
8940.787
13058.99
20106.701
12461.081
16860.55
7874.1953
13120.064
17139.143
11903.436
13334.229
24816.465
16542.285
24355.79
11693.922
12921.22
9433.974
18457.768
16907.506
13852.145
20722.92
14054.84
11366.205
21395.908
13596.848
19198.107
15415.44
22788.807
22613.11
35120.34
19201.93
18822.504
8209.044
16363.359
12002.074
18446.918
18415.748
16078.346
12055.872
16530.678
20972.332
12208.769
18900.791
26120.22
12045.099
16445.184
15803.324
37584.64
11865.455
12922.538
11227.613
12494.445
16351.112
18052.066
14741.173
11320.34
21006.389
11770.685
17369.17
13896.306
15470.153
15468.545
13922.05
15922.592
24055.092
18305.49
27200.488
15485.016
19717.72
14933.728
18396.344
23035.512
27932.553
27007.875
13271.735
24385.307
21965.814
26804.531
17360.559
15651.583
42928.387
16630.049
13003.858
10380.321
19216.494
24852.451
13217.392
13335.563
11785.597
18874.596
15417.762
16568.516
22198.475
19447.357
12822.39
19310.299
18098.8
8479.962
23621.295
15749.698
12518.552
19719.69
22210.818
17432.594
21434.76
19146.627
21827.0
17041.18
25884.254
13412.623
19401.682
20972.205
14948.213
16998.967
9848.507
22862.096
12480.85
22403.096
14027.32
13665.496
41379.33
17715.744
14755.507
12325.457
22767.99
16951.107
13039.299
13228.379
25811.14
20072.768
20159.234
31043.752
13301.718
15404.391
12368.888
14765.066
13775.601
14279.745
15440.561
12069.077
14869.981
18936.676
14658.425
32376.87
23358.36
12223.709
13706.426
23446.725
18551.086
19950.475
7933.4033
17552.012
13383.611
23354.94
19490.576
17663.832
15556.075
16828.941
14637.099
21096.895
11959.082
21517.982
16958.54
15877.791
27740.143
25664.83
21708.787
24748.713
18156.357
12095.811
38823.12
27541.137
12150.525
15792.55
14206.591
9759.392
20829.627
17753.025
27031.43
16291.878
19005.44
14376.85
32208.895
18717.76
12102.065
20235.707
14618.829
15512.762
15039.373
15245.269
23130.932
20453.488
12241.532
10139.397
24157.803
19479.305
19696.059
7184.3447
11181.794
13649.903
32040.64
18559.809
16295.259
19828.27
11553.734
21033.012
13149.64
10467.525
27171.295
7356.597
13749.287
20307.438
12650.078
29946.148
30258.041
15555.549
14489.608
18176.465
26666.922
9454.01
11993.093
19966.26
23731.475
14165.381
11009.182
15533.778
21351.912
20535.342
25370.623
26434.271
18181.078
22445.684
14188.683
29233.867
15898.882
13793.475
23015.758
20426.27
16834.021
13353.427
13165.984
12692.736
16986.541
21720.39
10070.006
24319.574
22393.893
21848.188
7001.829
25446.61
20772.426
12816.427
21802.738
18571.44
38563.83
10023.799
11966.023
14596.98
19106.99
15376.701
18600.51
12202.154
14574.708
28137.469
13927.002
24720.525
23678.047
16476.291
10663.55
14494.744
12767.825
14334.471
15545.742
18921.525
8029.7876
20151.488
13214.728
25669.965
27116.102
19083.521
19275.398
12795.61
37395.484
20017.54
23272.637
31635.297
17935.361
12844.541
29456.998
14874.735
26994.79
36975.55
13034.869
14651.612
18958.77
16571.566
18363.38
8320.429
25795.045
13912.318
36032.35
19742.305
12936.791
27062.695
12085.778
13460.765
18283.754
10991.82
15077.171
32608.342
17910.457
23492.312
24122.588
19354.346
15136.205
8789.37
19713.398
38506.71
9526.244
17262.814
14587.266
14386.855
25933.887
24948.707
13528.133
20090.205
17463.432
23052.543
11251.48
11205.682
16425.873
19942.873
18618.992
18611.238
20227.773
31562.994
13009.884
9147.669
12280.664
25355.072
20577.338
17564.316
19919.355
6961.506
29998.863
30452.232
18413.018
17936.482
14710.868
16332.816
21249.145
19494.863
23023.18
13080.505
22368.395
17817.445
27266.604
14206.375
15322.67
16134.295
22209.361
24953.785
22303.055
13522.423
18823.303
20173.295
18142.58
28767.385
17301.932
16494.531
27312.648
29854.4
19707.297
8840.862
25236.375
16139.785
20690.465
19313.174
13248.217
28499.383
24132.809
15605.379
16142.233
11033.46
19349.994
21189.781
10754.674
13112.478
18257.012
22098.684
14325.269
15923.112
11790.449
18991.271
31344.82
16293.053
19150.092
20204.652
16637.21
13017.954
15611.765
11374.996
17907.145
12328.396
21990.3
19903.96
19141.598
25716.068
28321.072
12862.718
17122.092
13810.859
12562.861
14391.497
15369.813
23066.938
14303.408
22998.475
21054.623
13678.924
17539.6
11526.028
20060.055
23470.18
14061.837
14657.245
21617.963
16521.936
24735.879
14438.656
13972.879
14745.743
14227.144
8594.828
13088.21
13651.678
25390.469
11718.0
16868.42
9737.14
15692.135
14786.38
20674.111
12457.735
13509.92
18690.826
23773.785
13192.278
29127.936
8359.43
13696.69
19445.645
14043.671
20209.195
18969.377
25327.367
14327.355
12665.692
12625.716
21485.93
18517.982
20354.24
12229.688
19285.047
11867.712
24339.473
10385.497
14147.929
14598.222
12876.703
17061.932
14303.291
21927.041
17503.592
36767.293
23349.014
12636.999
20977.516
23387.035
12407.447
27975.012
13147.381
9875.106
51891.062
32635.193
13421.124
15126.749
31245.176
20141.076
13363.02
11578.938
19598.781
28403.936
21492.076
15117.227
20379.814
16801.277
13465.023
28528.64
14209.693
13677.1875
19082.988
17209.03
11597.295
16043.586
14020.415
22622.266
16589.998
21081.535
27554.352
10302.401
18457.729
9507.016
12841.609
22334.426
16878.203
16810.277
12042.489
6595.588
42891.555
10607.948
20158.482
29660.25
12277.424
21029.027
14620.681
11092.499
12589.329
14699.532
16171.781
19347.604
13653.662
13089.482
19130.604
12886.187
20665.352
37091.8
11710.285
16302.333
26118.059
11481.861
31174.79
14072.705
12583.697
18633.31
20982.123
14142.852
16035.116
18831.434
13006.552
14439.242
19742.371
18848.533
16455.432
15580.393
18899.48
18888.324
29044.084
22566.424
9158.953
14961.962
19450.42
25930.328
12454.947
14825.5
12936.248
22403.914
7995.3765
15460.886
15229.877
20390.594
16756.154
22246.861
12448.559
13804.066
21791.967
14596.573
15091.083
11951.741
12712.786
15138.879
19124.367
20183.03
19809.936
11666.618
17444.178
15184.858
11262.96
15423.45
13679.931
17055.732
17474.8
20533.025
17510.734
13794.331
13610.2
24167.977
23027.41
29789.545
13945.238
24422.018
32131.213
17043.191
22738.123
42093.01
12906.384
12973.462
17934.334
15548.928
26916.156
19321.11
25620.17
16190.503
56338.418
18360.957
26361.656
11478.984
11605.433
16385.387
12866.21
16485.379
9987.068
16355.076
18393.895
10464.297
16921.04
17608.729
17097.79
8184.0547
10378.293
16583.793
27180.941
13964.488
12726.684
12625.229
10872.8
14072.461
13637.045
15164.482
10392.008
23883.537
20598.361
18835.139
12012.302
14462.881
18679.17
14717.576
12966.201
12558.918
10722.704
21234.469
27581.143
12477.749
12817.0625
15936.812
19458.404
18290.898
15584.733
17545.975
25123.766
27226.057
22279.564
15244.851
18964.336
23264.922
17438.248
29723.312
15397.876
23616.662
22504.69
14582.771
9574.123
13402.255
12225.954
28093.666
14762.265
12284.95
9767.971
22953.367
12595.532
12669.484
17963.02
13014.296
12047.94
8873.72
11492.398
16933.102
21704.264
32858.766
23007.178
19923.748
19482.867
20147.094
11803.917
15713.842
26329.373
27752.791
15035.1875
12049.077
15886.401
20493.662
14229.638
20144.354
17443.398
38451.453
11539.404
21624.865
18875.04
24184.123
12023.82
17306.34
18513.5
12980.065
17867.223
12753.457
19343.68
13666.031
12776.918
14368.624
20802.611
30984.123
21613.496
14396.994
15649.727
16671.459
19761.922
19995.883
23927.51
25720.738
19846.71
20050.32
15805.725
24541.67
19093.324
21209.564
20592.23
40455.574
14341.308
15147.148
11341.034
10256.494
12342.542
21953.238
19020.3
13819.286
14600.19
46357.78
26883.38
15390.118
10815.279
22949.14
23918.32
44946.61
13388.962
11943.335
10248.44
12952.56
29855.207
16349.377
19080.662
24786.191
14957.051
14118.071
23763.957
17210.566
10308.262
12377.834
11914.154
12131.744
22090.566
16450.664
18978.621
17303.111
13671.2295
15507.941
31722.402
12628.345
23807.135
40310.45
17505.367
20468.314
26999.8
25560.352
12518.983
22244.053
21583.63
35664.844
36147.312
24581.91
14327.331
19825.977
13257.337
15965.268
25800.768
19657.79
12208.641
11330.45
20610.904
16290.461
16229.037
36041.66
17619.742
29300.42
8875.782
21513.035
16495.818
14183.977
13958.551
17334.465
7336.3564
31687.895
10275.546
17367.602
12498.668
19254.354
12898.049
20434.02
13414.003
22747.404
21084.787
14650.731
15956.677
10543.39
10789.658
19146.613
22584.951
15425.295
17871.375
19609.479
9890.298
19823.44
16231.529
12819.357
19719.365
19119.385
20288.107
21018.957
17473.447
16978.457
16757.064
8313.269
9662.861
10748.151
12639.139
12940.217
16070.999
11931.435
12864.46
12374.41
40216.742
12584.622
18820.56
28782.508
20090.477
33100.906
14291.549
13456.819
20065.418
15682.649
31357.752
17515.162
40054.348
31450.064
10964.7295
24654.049
16881.416
35053.516
16119.613
16925.66
14456.565
23182.951
30705.064
17986.232
35306.008
15152.574
10220.14
10896.781
12287.815
26540.268
13231.74
16634.594
27137.275
20447.66
8142.8853
20044.184
20927.766
11034.289
16771.414
13199.4375
12435.336
14151.624
12955.971
39110.777
14355.014
13183.4375
24079.732
16203.064
12581.77
22741.97
19248.209
14334.729
20386.162
18184.824
19670.229
22455.799
19745.617
22059.404
19372.527
10272.692
28062.924
26127.176
17428.771
36473.523
20352.494
12998.86
16375.039
15019.336
15836.891
21031.516
17053.223
19601.95
23461.096
15742.406
22606.48
16693.594
21301.082
14643.882
29938.625
17163.867
10840.357
11899.799
20406.734
16981.771
23160.824
22550.451
15270.849
29509.666
20669.148
14781.575
22467.201
10003.767
30283.584
8397.954
23532.406
8506.342
14095.595
25024.59
17632.178
15925.504
17044.04
31424.945
13333.796
19786.725
17352.621
23407.99
21412.902
12783.601
20907.66
13178.86
22040.334
37239.75
14494.823
13243.272
15884.278
25322.031
12204.293
9015.109
15260.429
23479.402
14070.435
11670.522
11934.358
9406.905
19067.58
13025.438
21070.676
20350.26
15499.932
15729.375
13555.961
23432.754
37430.656
12962.212
16034.062
11695.971
20220.662
20206.0
21684.506
21503.385
7817.421
15408.361
16529.209
28687.639
14678.743
20223.19
8200.026
25755.125
15366.405
11901.668
17522.213
10893.958
19061.826
25445.385
13291.029
24607.441
21900.436
16092.861
18531.367
12502.372
19519.629
18471.13
18429.158
46571.53
16018.906
7627.938
21041.104
20052.434
13333.792
13822.793
13871.001
13407.454
11684.415
12567.205
15624.971
12722.675
11677.221
16475.988
12113.012
14105.303
35725.977
25053.143
14886.24
11980.045
10831.203
19748.658
14230.113
16685.031
26833.031
14633.164
18292.928
12519.795
16071.505
13659.138
9699.73
14573.34
13578.291
15457.077
12509.747
19764.375
13580.655
16746.303
13834.453
15088.072
13022.9375
39684.113
24138.13
12736.055
26111.52
34345.08
22331.053
25115.77
11999.308
20972.035
23449.7
12412.928
12536.901
13267.641
14534.774
20121.832
15072.635
13278.532
7231.5923
17772.652
9818.373
13050.277
29663.586
21952.559
17438.527
14818.131
19979.076
17394.549
15730.31
16402.393
13343.3955
11050.001
10337.191
14480.611
23194.898
13311.757
21866.209
44574.977
22421.629
34491.496
10603.939
13490.6045
31559.68
17764.271
15658.342
15646.275
12896.337
19298.98
14321.229
13552.682
15965.116
21240.088
19093.787
39585.69
41006.52
13509.847
25909.434
13119.988
11529.087
17089.023
16929.684
12667.019
11517.581
11706.388
23467.96
7871.127
14559.688
21183.395
15400.891
25465.393
13947.319
19165.268
14889.701
16208.913
19092.684
13357.472
10451.438
20973.973
12292.453
16443.389
21474.945
18230.047
16214.9
8531.767
19541.828
12271.994
13589.625
13854.282
28945.912
13837.942
15391.433
15376.604
10629.284
17554.605
30810.287
8767.773
10557.939
20727.717
16612.06
11325.163
37826.77
15200.404
22243.012
21373.01
19404.834
30581.04
22132.484
17777.465
15807.173
11824.249
13839.721
20074.709
17914.797
22952.04
25564.297
7254.235
19085.812
9404.336
14357.377
18229.834
21535.447
9764.276
13727.049
25626.861
19343.682
14369.619
22582.54
12382.751
23839.42
18948.846
22298.967
20345.197
14384.758
23146.092
20998.469
16064.243
29784.652
12958.266
13285.164
12593.681
12957.181
20828.443
26028.904
14603.169
20038.328
32158.896
22538.686
19530.465
29058.977
24800.797
28864.414
13561.555
18716.598
22504.328
12645.531
17933.127
14551.866
12354.731
10981.144
19533.264
13587.605
18767.814
16247.994
14006.555
13911.919
23443.889
18968.666
13430.049
20192.834
16190.72
15210.502
18079.531
23041.84
18999.96
12364.469
30237.053
17493.88
14393.491
15094.7
14110.773
12469.1
16027.861
28326.965
20750.076
22626.902
15299.95
12176.643
18891.025
20273.635
12331.636
12725.89
11085.833
13888.217
12386.981
14101.433
14708.643
9295.073
13549.162
17135.215
22205.346
11759.353
9664.205
17752.986
16199.615
16201.937
24099.52
37566.555
15986.376
25220.645
13538.549
22486.635
19273.914
20988.682
15321.113
16869.248
20894.266
23166.87
18183.7
14747.958
33540.61
12331.845
14576.446
24353.357
9040.481
14425.549
21064.168
19810.57
13093.401
16963.23
12392.941
9402.156
22848.512
14643.676
13710.101
13781.829
12222.863
10993.462
13232.553
14851.952
13555.467
21945.318
20697.23
7818.6924
13539.512
22984.049
12550.518
19845.645
25074.94
32893.688
20883.477
20290.414
14508.822
15478.45
18262.977
22518.748
11964.723
25797.111
15110.245
10760.446
18403.559
19183.64
12766.144
23239.967
8370.316
12787.996
18304.023
15527.791
17308.621
22494.951
15855.724
21471.596
15520.068
14923.559
17073.385
15701.347
10910.108
16619.84
18438.768
12550.154
12563.451
15715.108
17428.695
18682.861
16129.142
18987.053
23969.506
11727.532
11338.778
18717.375
21801.37
12424.961
24238.023
27885.111
16376.66
15335.554
14701.805
16656.3
16149.917
14467.628
22724.465
10473.997
9975.092
18127.492
24122.492
27468.152
9163.452
13724.182
28469.105
14561.992
19446.883
15589.442
13570.718
16957.795
15612.598
14542.513
20382.36
15585.37
11266.331
31177.393
13025.655
20121.107
10496.617
20126.936
11519.108
10804.001
19449.117
17675.135
14158.458
15312.729
20389.4
14763.724
20774.066
40021.824
14468.091
11899.458
13642.049
9080.347
33210.188
26468.133
15893.794
16643.688
21051.209
16929.22
13198.147
17348.926
17902.008
12973.541
18809.855
16984.95
9995.202
27642.734
16463.668
14188.442
19415.111
14292.078
20292.031
15750.701
12921.078
8626.325
14049.43
12295.163
18583.031
23774.258
26366.84
12431.0625
21408.586
19031.348
19204.994
30645.738
20520.045
25005.664
21940.025
12258.817
16149.714
14970.526
20435.617
21160.049
16233.291
27302.928
17148.576
19749.797
12343.172
22068.49
19963.963
29045.756
19832.66
15817.374
13775.019
16238.785
14525.511
22380.316
15638.012
22275.432
12821.491
21879.29
13774.496
17177.465
21186.643
20706.287
18060.324
13082.145
13522.279
19692.926
21271.785
21866.98
16335.065
31157.047
13195.335
18853.463
35771.22
19455.734
20432.516
15084.534
23656.777
16488.238
15611.546
12194.111
12064.017
14105.419
26908.547
20072.564
16548.348
13102.88
11186.618
11805.209
10021.367
26116.746
17248.434
17683.537
20384.871
10389.484
23354.91
9527.678
22602.027
14320.143
14242.082
12386.76
18225.12
15222.126
28972.176
20798.523
13186.188
19362.105
21739.629
18678.838
12502.579
16093.047
9607.171
25605.35
25595.395
12226.599
30646.307
19720.33
48398.395
18308.572
11546.869
18983.102
12615.836
16728.81
17496.63
13459.489
29674.062
19144.146
13254.261
14904.121
20662.777
15936.533
27786.902
14938.771
21639.275
11875.487
11633.717
8891.907
12924.389
30358.979
15110.677
21295.148
16390.234
13267.918
36475.047
11803.748
10888.711
21218.469
23259.414
17978.648
11786.607
24457.74
12649.635
20735.158
17360.904
11871.099
16611.148
18728.4
24133.775
12796.399
18430.713
26662.332
16093.623
17361.762
26519.93
11514.408
12013.42
20412.111
34876.188
13516.958
15019.518
16118.595
11355.139
9959.182
12894.294
20021.744
11528.692
9268.711
20795.139
25722.582
15620.6045
19514.703
26148.443
21721.506
9260.631
23762.936
27930.943
18608.666
12667.694
21155.383
12829.781
19251.969
17138.209
6011.4927
8880.86
15213.01
17224.373
21613.918
13369.217
29287.533
29001.93
23073.639
10266.107
8782.783
12748.405
17025.242
23083.885
18643.188
13427.186
12005.065
10065.888
22781.832
16552.062
15840.787
24085.23
12213.191
25927.916
14282.32
18693.678
19710.537
19280.453
26119.984
18785.33
15131.812
14800.304
11731.116
16901.098
28059.568
20706.656
29468.838
24332.898
17460.271
24902.725
16373.192
13916.857
15624.59
10914.311
16906.379
15339.151
26523.785
20352.05
12672.552
18691.162
15363.875
19986.887
12988.898
12404.044
15609.276
20232.41
16486.836
24756.31
19499.143
16857.293
12115.097
19475.295
19184.781
18399.322
24768.205
19234.621
12449.423
13082.006
14824.78
11609.199
15590.404
13876.773
18830.287
35950.977
20553.521
12584.676
21212.398
12150.047
18293.064
14004.52
32043.625
9193.173
42783.777
17236.389
11143.723
21210.729
25629.963
8976.762
16663.404
16976.719
8530.944
4990.1934
12223.486
26303.71
14603.837
16240.251
14448.438
17751.373
19582.527
13692.138
27343.982
16719.965
13490.856
29026.178
18650.072
12788.555
20220.197
14514.177
16558.385
17895.781
19757.217
18423.518
17268.84
15901.984
25873.752
15578.721
16760.844
20712.996
12068.24
10278.088
26426.049
16185.734
17535.059
17537.81
13327.537
11997.477
16890.22
8296.739
22263.549
13615.178
13389.609
13940.628
14571.59
20680.041
15944.314
17947.219
20060.924
24274.004
12403.079
12287.572
27331.18
15685.808
11169.832
12551.132
26704.133
14077.117
19288.266
12775.838
17141.562
16625.264
22672.703
14142.824
23157.363
15507.171
17915.373
20764.105
10131.998
21804.574
14422.922
12701.719
26076.674
30085.652
12708.215
20954.975
12016.724
16614.72
10225.022
24974.059
22677.854
13389.001
14631.879
24482.084
18310.39
20945.387
17700.08
18196.912
15311.4
15382.669
11295.89
14743.904
18926.777
14909.692
12321.961
15064.652
27668.537
21357.53
15012.304
13593.273
23897.955
16940.514
21267.746
14495.54
16998.174
10683.356
19390.846
26099.922
21249.625
19923.717
22851.295
14737.361
18055.623
15561.908
12941.276
22202.902
9331.526
18004.375
29970.492
19570.549
11068.474
11965.01
24663.055
27137.686
18843.506
11344.239
13307.603
12612.282
13121.229
14226.918
18176.428
26562.229
11156.782
15242.182
19109.344
14334.499
11721.506
15353.067
35531.19
13475.313
12677.309
18373.08
41660.48
23451.988
17479.402
11684.627
37476.2
36460.453
12365.664
15426.093
13686.565
18510.146
10698.786
12731.1045
14420.425
16803.037
11438.95
11754.845
17096.48
20850.256
30021.938
17267.424
18490.602
12733.959
12504.328
12761.626
21140.941
24577.377
30904.732
14984.216
20917.025
37102.914
26075.85
32867.867
30202.59
39616.184
24463.8
13163.072
24418.63
22199.541
17770.027
25172.877
34454.113
16368.8
17171.057
20628.889
23683.516
8747.562
25389.19
28484.475
12607.371
14500.758
12100.279
16729.877
11841.415
16233.169
17188.24
19658.205
32658.342
16845.094
23440.322
11491.823
19124.775
28942.738
10708.056
26577.309
13617.771
15977.477
11379.913
22901.555
26311.697
9137.391
21402.828
21830.764
18225.65
16614.885
11178.683
18638.008
14723.21
10258.241
30922.742
17470.998
13206.818
22506.541
12975.011
19453.193
10313.376
17954.318
17842.75
19641.328
24816.6
25584.043
14364.246
16195.011
19972.271
13144.955
18748.701
17670.775
22275.633
23652.227
16133.97
13614.709
28453.996
12979.466
24848.31
22046.107
24234.035
20340.387
18220.488
23007.795
15368.637
19653.969
17372.244
21647.336
15335.865
15188.775
11742.524
11847.2295
13558.142
22410.6
24805.17
13716.754
11884.187
21590.926
21045.236
16589.238
24140.99
21040.871
20736.82
19818.344
29649.88
13080.872
22877.246
28158.695
20614.244
12277.709
18076.596
10609.544
20464.332
13730.31
13282.705
27095.908
22187.521
18338.006
15250.681
29237.297
9913.644
19827.143
29993.26
16451.172
17460.25
26745.701
13390.762
22381.594
18475.139
24055.146
10490.157
8692.976
12797.785
13406.592
14584.97
12146.241
34891.473
16855.537
19905.447
21739.305
20041.508
20459.596
13720.1045
12753.838
12330.099
23624.549
11755.254
22483.207
11724.285
14588.399
19387.307
15216.131
9365.748
12323.962
20947.094
22687.188
15993.368
21029.021
14138.818
24576.863
14386.051
25161.357
20042.04
14538.091
15662.748
23962.951
21447.361
14873.151
13600.365
10149.789
12090.744
24212.691
19763.781
23855.582
13279.832
18029.113
15935.225
15232.768
16589.178
15636.075
9567.325
19249.41
7877.3745
12485.311
26164.725
18398.176
22511.162
20562.838
13941.407
34147.07
18829.209
21061.26
15215.566
14602.951
13345.829
20969.654
23613.45
26807.168
15730.83
14198.42
27488.346
9011.908
13041.89
16312.466
21361.238
29033.648
24833.93
14654.26
10887.755
26333.486
20614.123
13250.99
10461.889
22207.135
20929.477
18026.982
15140.087
14352.346
14968.5205
8610.316
14909.985
20503.93
14456.683
34264.004
9349.238
11833.599
28258.895
7047.053
18153.826
20849.527
12254.786
21320.26
15812.908
12240.145
11099.361
16937.31
17747.72
25605.482
19632.096
28896.406
11626.001
11136.005
15651.193
25287.732
11755.48
7960.242
20936.428
21059.6
17191.521
22106.727
17699.68
9865.613
13084.558
28522.227
56886.777
23339.979
16437.6
11600.16
21883.701
14922.928
10431.032
8929.0205
26460.15
18315.902
19229.428
27559.902
24454.113
16137.711
17281.312
14490.605
12114.07
28087.12
11106.834
10886.198
15206.25
24305.686
23867.604
17002.377
13982.192
21483.234
16171.212
13281.706
23044.97
12900.702
31428.51
25584.04
22776.898
15192.403
18134.865
23983.605
19202.174
13596.115
9398.763
10943.199
13419.191
17009.166
25736.008
12290.198
15568.944
19761.615
24683.553
13279.491
22911.186
24225.45
20442.557
17877.63
25758.031
16633.713
12783.473
11225.95
12325.998
18722.059
25199.307
9646.669
12907.899
31335.123
9427.312
16389.275
16699.332
18727.23
20722.504
21228.592
11020.733
10923.868
15652.285
16746.467
21139.377
16238.06
12555.751
19687.729
21230.703
16041.31
17185.312
10259.052
22645.477
17649.078
22949.45
13803.688
10607.486
14268.003
19734.104
12144.926
24390.29
13847.883
21021.64
31387.504
20190.688
17854.562
17392.518
17016.662
20032.252
18767.785
14280.885
11777.15
14958.001
19050.348
12651.892
19593.143
14624.7295
28437.44
16003.553
32688.293
29883.605
6386.211
14072.25
24104.082
14085.205
32296.033
19893.314
15348.346
20123.357
35404.26
17105.041
12674.404
29516.496
12562.225
8136.8633
13299.964
12186.726
14686.1045
15375.372
15955.206
13572.603
29044.266
13273.429
15955.832
12987.986
15822.378
25217.877
16436.115
19607.754
19616.885
23461.736
23843.96
13549.504
11994.722
31598.373
34958.215
16583.066
22173.658
18501.852
15570.713
19600.322
22510.4
21126.633
28912.111
19056.805
17320.436
14929.02
15450.298
47596.42
12577.454
20311.33
28281.938
13279.683
10915.398
20372.879
17768.357
25666.346
23014.338
8036.93
23341.902
13719.494
16354.519
18726.088
13671.198
31553.281
12016.673
24054.67
14396.838
19043.01
18206.605
14975.563
15873.192
12067.097
34089.977
22753.564
16249.397
19774.344
22860.879
12972.691
19967.246
29082.639
17867.48
19268.035
8709.324
32274.225
26092.574
22516.223
27740.184
16930.41
21037.775
21504.783
23484.656
11449.069
22982.668
28725.506
16203.271
11460.975
16443.777
21447.342
22439.898
18278.576
12069.746
9540.459
14186.1875
17756.863
14083.505
11933.979
19345.668
22870.406
14955.8545
27774.357
19122.205
15735.352
20850.332
21941.207
21249.324
22886.164
20451.771
12329.647
33917.77
17143.428
16097.423
18284.223
24207.096
18970.082
26979.387
20119.81
23108.291
23013.414
12575.597
13752.574
16387.293
14287.395
22044.621
23338.342
14415.461
19512.572
30720.877
16281.6045
16412.658
35400.938
12691.544
28513.773
26458.541
12411.08
29714.447
16991.918
26406.11
10683.005
23553.277
15778.295
13253.645
17263.814
14579.923
11337.067
11686.78
17123.168
12121.474
22464.861
16139.181
11856.797
23261.207
13040.762
22652.932
11587.207
18412.693
13601.198
24050.473
18022.717
21927.969
15257.929
22244.535
19446.664
23559.57
19560.514
22086.492
12433.633
13474.341
20612.844
13319.884
26691.62
22313.361
11149.774
23786.186
15362.8
8206.203
28232.08
13283.397
16891.154
25010.041
8486.396
12789.242
14547.691
21452.615
14713.976
13427.608
13746.398
14614.182
12163.262
14124.405
19865.82
15545.665
19144.893
12663.759
15223.066
13581.773
11618.65
15202.997
21841.67
18288.035
30065.223
15878.008
22234.111
15421.674
22786.055
14265.804
20639.672
27460.25
39952.02
26602.484
28356.104
28478.506
17856.822
12456.523
25507.455
29496.506
20602.215
17002.012
26171.613
21528.143
20301.152
21654.309
13216.346
22063.773
17393.045
19481.238
20946.654
13462.416
13494.543
17829.484
13195.086
13710.653
30148.547
14295.571
16205.356
18272.348
22137.066
19419.324
20156.111
8135.4443
12809.963
13937.962
7577.764
8888.856
16141.425
15111.711
35813.703
26447.7
21120.035
13089.303
19758.035
26205.201
17374.352
25002.008
14981.1
14177.955
25183.041
43420.92
12327.061
22149.055
32841.6
23958.547
17036.61
18364.29
27671.902
20307.97
12088.596
17036.285
20244.98
16393.006
11483.346
18150.111
19130.617
28539.012
13935.363
9259.036
10037.045
16296.724
13876.788
25982.178
14931.482
12380.685
16839.074
27782.963
11470.575
23444.332
16002.024
16548.871
20537.104
17431.293
11458.502
17366.19
17593.816
16047.946
17730.797
21691.467
31538.82
9511.232
15413.27
20697.172
10773.141
23815.887
31587.146
19122.652
17591.244
12082.344
15859.872
18514.275
26910.303
13534.546
22104.404
14216.122
20071.3
21483.086
12886.679
18252.791
14815.012
22720.71
18467.213
25495.52
33116.535
13494.447
18284.209
23434.121
25876.643
17377.645
14940.797
19764.393
19650.219
11387.705
11238.341
21609.73
18963.992
10520.34
17624.334
15435.526
12320.238
18046.555
25688.535
17551.559
20238.223
8696.27
12280.234
23547.023
13387.864
18088.822
16192.5625
12402.343
21356.533
21962.271
21671.037
21541.186
25462.969
20117.49
18787.111
15979.125
15793.755
20593.8
15335.783
8765.573
16328.526
16968.992
13481.097
13580.268
15225.875
18133.531
21616.299
26704.176
16827.436
21016.344
21671.322
26010.418
21810.395
16000.268
18744.67
18494.242
15899.511
24647.766
8045.1978
10735.53
17732.516
24217.154
19102.518
19516.729
14739.448
9037.872
18257.727
10418.282
11738.603
12686.859
12693.927
9784.237
11446.41
22377.219
14887.951
21991.627
31012.951
8726.566
16360.543
31127.428
7619.3853
13917.799
21955.537
20279.297
14274.977
10742.348
21686.299
14446.878
13478.308
30600.074
18737.566
21569.451
13551.812
42148.61
14594.977
20721.432
13640.984
40958.29
19396.227
16657.447
17880.26
14698.332
14535.242
16010.257
13982.395
11744.959
24150.943
18941.213
16052.5625
22384.87
27074.592
27231.055
9602.909
12840.585
8557.092
32698.96
25503.83
18828.508
21086.482
21576.047
12503.506
11160.782
18814.893
13572.254
17067.73
18923.336
18895.771
15638.108
12974.785
18340.908
28321.512
24469.252
16228.531
25443.736
24847.436
25774.457
16289.103
15403.812
9389.76
13393.625
11996.736
24719.957
15978.227
10561.918
15577.876
20720.773
12321.989
14359.881
18806.012
35328.19
13016.798
32492.705
23802.908
22420.736
16719.965
14326.04
10537.347
19915.562
21339.064
22213.857
16371.022
19495.627
18842.064
15801.014
13451.704
12637.501
26564.664
14583.536
14207.969
11447.682
22121.379
16098.135
18067.922
17898.805
23576.52
25239.695
19816.436
11522.498
29331.338
17999.908
14087.581
27749.248
11547.77
18243.865
22328.727
12536.876
17691.074
14948.923
18934.688
22157.834
19181.84
23172.318
18960.277
12581.317
17536.643
23571.36
11993.873
13029.631
13433.09
16423.238
15560.473
14450.973
16109.832
21966.346
15363.932
17051.19
15065.082
17257.824
17140.826
23606.193
13212.899
12511.419
15874.707
21291.492
20716.52
14023.346
20123.83
13176.668
16410.752
19555.043
24505.174
17898.322
14577.523
7945.1045
24308.646
11027.401
28057.469
19602.953
15200.76
15712.825
14052.414
20313.715
16057.229
13261.388
19137.867
33322.57
17681.56
13784.069
14901.499
20359.541
19693.863
16593.219
52644.973
20771.951
18551.19
22768.496
18161.76
27127.959
22413.146
19104.69
11013.701
9904.204
21508.09
12234.144
17438.254
12525.8
17463.021
12253.235
14821.615
19377.018
22085.22
13780.371
22283.516
15533.081
10345.186
28383.576
30794.055
20940.66
19566.465
22969.43
10355.256
16049.212
16485.973
21851.965
12846.132
11694.99
21609.465
16786.725
13182.412
13706.377
34025.246
16324.4795
23868.604
29728.096
12911.075
22023.959
13976.386
16781.969
18624.701
19970.312
14793.358
16354.156
24973.043
16545.771
7525.1763
17021.889
19495.596
13162.604
22880.078
14810.378
12105.066
13230.893
14183.836
16651.844
21383.117
11103.388
12599.272
27267.676
10198.438
15752.644
27857.889
11698.0
12408.496
12767.477
11669.689
22559.973
18720.734
18808.41
10829.495
14636.818
17745.592
12579.669
31046.713
22673.709
12951.926
13074.125
32125.814
14096.219
13155.159
24631.062
20154.53
19274.178
28988.064
20127.773
19515.44
34890.75
16280.796
16036.397
28592.023
15046.27
23039.758
20742.55
19531.678
22338.213
15793.057
14983.051
16470.236
22690.016
21429.062
24823.982
21411.225
12955.15
10072.681
14032.567
26565.355
17613.244
15923.96
29475.48
15264.627
16717.69
20726.441
12771.506
14338.014
11605.511
18383.441
26138.953
21250.385
13975.135
11354.092
12099.629
5794.1987
14200.237
12379.901
9352.046
19164.049
20203.006
19181.232
23087.838
11215.7705
18394.812
12990.892
12234.727
19396.586
21133.29
22396.9
21374.281
12876.031
20675.525
23263.123
20810.646
15431.834
14393.786
22822.473
10834.498
20878.209
12033.027
21278.621
12265.273
12100.346
16358.799
26889.965
32054.49
18667.684
9144.781
20427.822
26802.555
19144.762
10715.174
11416.753
24073.188
23303.12
17925.215
25209.504
20546.512
16006.561
21059.715
19117.387
32816.348
11680.823
13640.5
12165.779
37282.125
26234.941
23457.941
16725.502
10887.191
17792.154
12303.738
16233.649
13609.683
9960.885
9167.122
11855.868
18028.656
20425.379
18739.072
12148.051
22535.533
31146.46
9268.898
23387.09
14002.902
35596.484
17340.963
24043.52
18588.004
9689.28
19898.605
12855.802
14697.014
18630.502
38793.117
20030.586
20672.074
12651.7
16253.674
19706.414
20790.213
18951.535
24178.807
14224.41
18145.9
17857.709
14234.037
11630.734
19053.465
18304.828
9080.884
18829.162
19628.637
7634.4155
19250.307
13659.663
12512.432
16238.807
10967.329
17043.691
11285.668
20405.707
9577.316
13550.286
16860.1
19819.596
16665.043
24847.87
25603.643
15658.224
17530.295
16609.576
11917.899
15955.867
18171.904
19541.35
23616.838
13664.323
25572.26
19262.475
21543.586
13004.131
15482.518
26806.64
13237.493
25537.945
27144.877
11457.721
13069.484
20693.312
16737.549
16258.398
19277.797
21161.71
15802.1
20351.326
10727.813
8035.4727
18671.557
13154.945
12164.913
29488.668
14964.366
29911.54
12216.805
12586.342
14220.79
18502.69
21747.238
15621.189
12026.348
19005.52
25997.84
29551.104
8140.617
32919.285
14873.536
10548.139
28517.873
14959.474
25454.186
44575.25
12657.792
15458.257
12100.419
15121.189
11051.408
17904.799
15352.247
20363.404
19059.479
30601.645
11217.509
16897.76
19957.414
23378.637
14596.311
26580.47
20469.133
22680.13
15572.92
15005.383
24110.441
9560.773
20222.113
22796.188
11654.121
12923.042
20747.895
36505.61
29660.398
22921.219
13053.408
22410.258
23723.363
23634.727
12000.871
15773.1875
24469.594
17439.31
15786.788
24238.58
15800.558
31911.494
18367.85
14270.282
12418.853
23205.139
17903.902
19835.291
22900.605
16203.136
9794.586
15847.406
22282.988
32406.404
14928.239
15214.56
13379.125
18489.344
31294.074
25375.416
22626.79
12436.685
17367.203
11092.965
26542.96
20012.273
11689.881
11419.159
18485.104
25975.51
30295.537
14901.984
23164.418
20676.238
14297.171
9280.588
10590.041
10918.629
41184.08
13223.094
22541.193
22824.111
16195.657
19461.023
18650.414
14648.042
22163.688
15577.995
15596.381
12480.091
26883.016
9431.409
11233.93
19336.713
19198.557
13583.913
20021.799
14602.281
12916.537
8651.253
19683.281
21939.248
14337.327
12998.418
17849.49
14104.172
13357.82
23477.084
15157.333
22705.838
18403.744
26263.383
18106.902
20383.586
20485.15
11965.563
18793.488
18717.643
21310.408
22433.523
36841.95
20183.014
20808.332
9006.905
9786.758
18889.652
25447.227
24429.592
15672.138
16366.628
22885.87
24296.297
15966.621
10211.589
12533.093
12440.916
15280.921
16621.963
13191.901
14713.381
14949.715
19444.062
20346.982
17965.26
18024.133
18543.244
17484.916
20782.822
10196.595
14273.153
18397.447
14494.815
17870.398
12965.441
30117.465
20166.97
20361.012
34819.113
16652.768
18060.902
12711.902
20546.852
12841.885
13109.336
9276.766
27325.797
14442.911
18089.834
11592.219
14319.7705
16515.13
35598.5
13072.413
28441.117
17358.105
17488.613
33270.98
14691.612
15657.937
32879.188
23913.182
14220.71
14981.948
16736.664
20617.066
28665.05
11254.398
18184.75
22354.781
19005.127
20836.973
20040.61
23500.342
13528.562
20936.785
10291.551
13817.835
18463.932
15847.33
20645.8
12188.359
20288.69
21969.006
24473.125
11875.729
35477.316
13018.13
18773.506
20422.97
16966.027
31842.521
16152.639
13340.719
29136.988
14264.566
32780.4
11565.118
11507.717
23318.678
18377.451
15339.907
13404.026
19135.748
17107.15
14653.232
14670.171
20124.264
16224.36
16037.55
12573.286
13205.097
21070.287
23654.828
24219.65
21822.436
20640.363
11257.029
8727.962
20280.229
24945.787
16532.744
24628.697
12935.578
24199.623
13538.891
12983.13
22365.031
12784.274
11536.307
16047.3955
14580.995
14754.017
17730.76
18726.537
18768.258
11365.394
23996.186
13239.249
9481.297
21760.719
16354.234
17142.316
16694.078
35937.418
9191.33
24540.525
13960.85
15452.297
20322.844
18708.75
7883.042
20142.697
23281.879
17586.861
31514.588
11931.714
16481.756
12721.201
13740.515
13808.569
34321.35
17298.656
25821.4
17272.936
9052.198
17687.172
18497.36
21396.457
49511.164
13053.1045
13067.365
12674.513
22236.07
12718.619
13509.884
18455.57
17143.38
26074.19
13203.072
10632.231
12275.883
13628.162
17343.973
33869.41
12881.723
17898.326
22283.406
25695.451
11943.285
40904.91
25380.607
12628.309
16660.504
15363.61
15633.388
11592.956
17490.338
7937.892
12597.285
18026.232
17323.35
19974.363
15248.367
29076.723
19349.754
13856.724
41625.88
10190.077
29297.742
14214.224
11545.176
24495.861
17243.008
9387.299
17199.098
20459.314
35415.008
20982.33
12183.775
18787.078
12496.109
16004.127
8348.695
16742.002
21950.834
23004.357
14375.628
9428.611
23517.723
21103.93
16631.98
22183.193
24245.375
23696.041
13928.892
12922.333
25033.982
14259.773
19348.576
11902.175
46576.836
19163.832
13144.123
13515.636
18039.055
14816.11
22445.379
17606.9
17059.555
12714.911
12797.975
11548.945
19525.383
13626.626
11563.921
12920.692
31508.6
18743.775
22814.99
15773.103
19626.09
18529.479
16012.4375
19109.84
16739.922
14752.498
17383.986
20894.814
19033.947
15487.177
12621.161
20668.54
16455.018
16966.729
14185.844
29251.691
16559.738
18132.117
17094.488
6998.4766
13755.556
16952.18
20563.072
27349.668
13033.646
15961.724
22082.836
24083.902
23450.467
8148.4004
20562.502
14116.859
13352.927
26329.957
19392.236
20753.695
20890.041
20868.582
11215.787
23024.15
21841.111
26371.387
17226.104
15064.647
9106.971
14380.541
21122.941
19763.123
12983.707
23045.701
23168.453
22887.045
14855.6
23972.096
16228.802
17189.285
20932.277
12795.498
22701.936
11669.91
11389.716
14924.767
12044.31
16801.654
11220.858
25892.602
19611.293
19914.729
21587.453
16870.664
13821.558
22762.547
19123.254
14371.832
18430.457
20059.385
21636.492
13139.02
26508.55
14526.693
16560.215
12727.076
20125.693
24875.34
29406.027
29304.387
31328.33
13142.392
15893.058
11423.99
25430.8
15365.497
20635.318
10547.094
25798.723
11642.652
19809.516
18598.057
15111.758
26361.818
14896.359
18713.031
18706.97
13794.191
14951.06
17914.295
23714.693
10403.936
14527.185
23816.943
32084.861
16489.021
15047.709
35838.73
14459.274
12900.186
12284.708
15671.658
8694.781
26578.463
18853.266
12444.355
35461.184
19311.635
24770.426
21159.006
25719.588
13563.619
12416.699
20338.514
20715.836
14159.665
36231.438
38547.57
19773.33
27266.223
24797.566
12491.421
15012.664
48245.145
16578.67
27457.59
25021.45
9500.824
20555.31
15101.422
19524.467
23668.754
17257.29
17904.969
14727.324
20229.02
15707.983
9740.123
36770.574
13250.909
40365.938
14237.451
22686.72
18740.355
28255.936
14860.897
12685.302
25120.871
25377.172
10659.275
37928.348
15184.12
27352.229
16053.385
14006.183
20993.564
8184.5825
15002.796
19824.227
22393.33
13145.394
30086.54
19039.242
15745.869
22503.32
12428.625
18551.113
22188.402
15494.028
18759.398
19692.018
26932.412
12515.24
14321.72
10438.221
18996.346
12967.458
12929.153
20449.037
13498.604
14399.976
11237.688
21238.545
10106.008
12276.579
25182.951
16496.525
14914.148
12180.053
23871.238
11211.481
15623.496
12131.663
22351.662
19912.262
14172.286
32702.373
18391.55
21923.168
15415.561
19805.062
11318.629
19810.291
12522.014
10924.551
15076.104
13892.637
15203.294
18167.791
19385.602
11435.025
11629.455
26996.777
14990.675
14098.806
35251.22
19348.281
17243.105
20369.395
17453.547
20652.064
11509.001
23553.111
21424.924
12487.535
19443.488
17862.22
13865.62
26555.76
12264.048
30200.988
17159.633
18899.201
21908.725
23914.773
20705.26
20091.613
15690.699
21477.256
12578.749
16911.367
9291.745
17002.453
24144.184
21441.14
10059.945
15559.321
14967.879
26020.266
13399.727
30056.9
21096.432
12206.741
43802.92
22196.502
10370.841
37723.74
14380.914
24652.61
20703.406
14844.991
37129.082
13893.265
13449.989
21076.297
15502.108
16993.05
9823.499
13278.369
15011.007
15228.093
8935.931
13282.641
23892.496
20530.145
14939.651
23240.734
31804.67
22590.889
8151.9756
14491.692
13970.75
25840.523
13034.395
12198.3
19446.182
12790.456
15960.87
15920.705
17138.621
16480.82
14723.733
11862.214
25199.123
16989.385
19381.732
11245.087
10332.848
20125.281
16866.354
18257.86
19761.795
11052.54
27846.076
9661.153
15961.195
30503.314
16076.384
14597.54
19155.473
27263.832
18291.145
21681.734
18702.559
7813.302
22572.314
24405.605
17363.982
18065.705
15264.458
13020.996
12489.164
15381.429
24863.598
16268.275
25886.322
12486.151
15791.675
13963.203
28444.809
6035.831
25523.53
12961.94
26534.87
19794.236
9413.872
13461.793
15326.212
21959.182
11904.965
23286.006
12912.631
27461.303
14075.264
13932.004
24991.932
13793.209
23002.873
17904.01
21615.756
19900.154
18403.732
14191.292
18420.635
18194.04
20209.695
12618.839
17885.166
9154.687
33241.43
11929.748
29081.172
24371.11
20054.76
12528.646
34288.543
20781.732
20113.125
14789.834
14589.847
21784.787
24516.74
23878.924
21453.117
20735.045
17524.842
5419.4087
18177.898
11391.403
27039.99
8684.363
12300.841
13437.171
17055.812
12249.7
18321.643
20228.244
28287.02
17060.55
12793.2
30888.318
19387.518
10531.451
15095.562
19413.232
16682.451
9662.468
21557.992
14148.243
21159.01
21736.553
18764.717
13608.6455
24318.71
28937.527
24161.832
18037.676
29958.305
19787.504
14574.99
20510.336
17846.818
17894.451
21918.424
12405.927
19570.754
20702.69
20487.771
25813.602
16501.861
16257.028
19247.055
13527.43
13716.362
15542.114
11416.379
18539.818
12474.277
29627.547
12475.286
16249.632
11481.996
31316.46
16880.064
19585.133
18037.17
19255.82
22719.74
13371.403
37298.043
33284.184
9955.109
12861.396
13910.865
16686.266
19683.506
10483.795
19575.332
16872.791
14075.438
12051.733
21847.516
24081.387
17040.473
22864.924
20216.008
29698.463
6999.6885
14463.215
12370.651
16971.775
13069.856
20352.4
10707.042
28094.652
20005.275
18568.56
17289.162
19277.938
12017.693
15162.671
24970.129
22238.275
25170.424
14123.216
13887.8545
12391.41
14989.132
16592.666
24240.19
10888.661
21043.246
26874.338
34966.324
13288.617
15961.41
17499.908
16722.346
29878.447
9989.101
13452.167
20843.621
19812.572
26646.334
16492.965
20579.074
30284.242
27301.088
26749.686
14609.49
12397.445
21801.633
28655.959
12221.886
14965.281
12087.779
9035.699
29856.637
15901.214
6724.09
14902.669
12334.774
13712.998
12337.777
25741.826
14344.205
13943.826
18618.049
14624.695
27484.045
24429.59
8892.164
23256.426
19357.72
26626.777
18021.83
10153.958
25207.812
10987.534
14083.683
12665.72
30003.055
13692.008
15806.621
25161.658
16208.451
14038.642
13025.948
20813.531
9947.996
10011.878
15422.152
20318.777
15640.996
19505.307
23217.775
20302.385
12763.761
20567.48
14017.024
18871.992
14358.34
24419.635
18954.56
12292.121
29561.113
21497.756
15492.466
21743.938
15414.462
22100.73
18986.996
21907.922
24796.637
12271.731
13470.218
26039.479
33492.285
25492.482
12597.41
12891.482
20118.146
12570.72
18678.764
16057.885
27672.334
13494.0205
11583.366
20607.799
8709.854
10986.782
21629.748
10513.969
12855.254
11011.207
20719.723
17247.15
20238.066
22391.197
34598.46
15393.78
20247.463
10535.88
8938.381
21110.69
17145.654
19856.676
34109.492
11837.074
17365.375
24928.236
24379.934
13192.752
12092.647
15264.406
12326.043
11988.672
22313.482
17763.006
22733.912
12278.667
33426.996
12106.429
20461.332
14859.19
21814.316
12238.182
29353.793
13368.898
24940.531
23491.113
18452.066
17514.63
10502.502
36208.527
9881.559
12160.062
17932.344
17515.336
22794.535
12308.924
6297.8916
15358.78
13742.538
21284.049
16213.678
19466.162
14393.917
16117.998
13695.232
16945.574
11442.033
9321.548
17630.637
15632.384
12659.997
11472.392
23122.342
31555.238
13755.587
19587.695
13856.122
9663.837
18661.795
19036.54
22650.828
16790.99
15851.708
32856.168
14432.373
21672.352
12989.244
32862.746
9847.179
24215.793
13660.237
21337.152
14177.423
13560.844
13401.365
13318.763
23425.826
18849.99
21832.072
12904.298
18058.434
14811.258
11921.603
17186.98
34927.01
17971.006
26031.168
21175.523
22767.035
15873.876
12070.886
8202.412
16967.521
25298.408
12287.612
10494.122
12475.396
23109.863
15266.088
20554.691
8973.862
17982.068
14777.924
23961.662
12423.434
19322.078
15473.955
18413.809
23060.104
15045.4
20094.854
24781.8
11428.924
16933.941
14693.727
19994.816
12661.587
17313.9
19071.14
15530.198
16211.685
17231.758
13643.953
17858.955
13646.234
9641.928
16834.74
23796.941
15079.575
19757.645
24471.41
20573.36
17738.322
21787.28
17454.996
14062.386
18602.625
21667.68
34001.832
20946.492
23423.398
12991.599
20164.477
20838.41
17386.516
24048.621
25140.707
17410.914
18822.002
37850.023
13606.464
14258.372
11721.915
17256.115
18200.17
22107.12
11114.913
9482.842
15899.286
26402.867
10440.892
11764.065
18042.932
8827.777
31294.896
12961.303
11554.808
16572.01
16087.708
18195.145
12185.47
13340.995
14362.436
10946.161
15704.552
15164.242
16218.416
10899.003
12179.289
19474.188
20025.05
12996.779
34584.875
21717.227
23230.574
18973.66
19858.793
20139.967
20277.76
24083.393
14442.419
21237.44
22252.223
17787.658
18624.998
14194.362
13911.585
26800.771
23927.174
11161.982
13627.895
14878.254
20457.582
19620.662
24837.021
13759.466
12820.658
9275.574
20920.512
31340.746
18776.762
13362.729
23412.117
9053.727
12900.194
14327.356
19992.107
22631.771
12485.529
8652.745
15862.465
25648.9
24869.594
25919.176
18804.88
16196.893
15619.337
24230.627
14049.593
15701.777
33054.56
14208.618
21164.371
23774.98
20872.58
15190.227
9433.822
14205.757
10677.554
14455.871
15333.166
19556.137
12716.326
18016.12
11747.687
14412.14
12013.765
17820.129
13133.244
14125.501
10557.981
10115.266
10008.798
13814.501
24057.287
16765.203
12883.924
24490.057
23357.406
20492.084
13580.966
23467.998
30661.47
13258.278
12236.915
18251.18
13017.572
9326.319
12506.704
17614.238
18157.389
21463.55
25708.916
14487.276
19415.54
15579.48
34233.74
14064.972
18176.547
16003.552
11618.924
13849.848
21777.572
20587.43
14165.93
21775.188
10070.501
11755.119
14404.1045
11151.291
28025.111
23463.217
22659.943
16057.331
31712.662
20287.178
13589.149
32144.334
28721.504
12646.254
15944.176
12440.529
15817.408
12459.267
10701.909
19415.152
31979.535
10666.755
19129.473
20249.92
26680.586
23917.879
15134.202
38265.76
16049.216
16352.169
12791.099
8791.695
17404.678
9997.516
14030.055
14746.94
15641.186
13146.265
28805.357
17568.408
28692.434
18281.564
22445.67
20767.84
23567.582
21879.924
19037.734
19534.543
12967.721
12606.995
12880.84
18872.135
14795.329
12121.424
11219.261
13796.244
15398.199
12221.205
22045.094
16519.697
22297.46
21458.758
21105.762
26954.383
12615.621
15001.978
15103.717
25351.896
20053.281
17314.994
11290.883
18505.115
30738.03
29550.26
12600.669
22644.277
14988.956
20127.402
42070.957
24121.74
19409.6
19052.693
22428.91
21341.54
19943.635
12029.8125
10832.238
8319.327
14567.874
22774.396
14326.536
25610.67
22754.162
24848.396
22145.324
15895.943
13308.477
16111.901
19860.646
15959.811
19530.941
8609.13
21338.643
15076.751
16073.936
17805.61
19037.723
15902.553
23676.725
18180.424
32841.023
10235.75
21546.424
25904.652
20826.826
8854.088
14733.12
10910.879
10880.354
21664.666
18890.7
19807.475
19506.125
20672.71
18209.994
30297.256
18444.676
6496.226
27837.846
12515.518
15492.775
29786.074
12776.634
10903.718
13235.719
14020.637
20695.64
18049.1
15491.039
21115.625
24130.184
20933.914
38263.44
13576.066
17488.754
14752.068
24101.115
10202.933
31256.617
19271.682
12898.419
29954.252
10849.033
25966.219
14505.558
9074.1455
19446.611
20220.443
17239.707
23506.973
20850.672
12824.431
13802.752
26002.06
14793.657
41863.53
14886.662
24843.81
12692.031
14126.217
30185.492
13295.04
16588.414
12536.948
16083.755
15390.044
31683.91
28739.445
14129.126
19213.285
11712.803
13932.783
25888.168
32116.633
24256.588
17962.361
12472.017
20311.588
10763.064
10598.745
12364.886
14706.578
15620.146
7703.887
20167.816
14327.239
23137.182
13402.784
18040.55
18239.668
22948.021
14406.337
6902.826
13414.507
12640.018
30431.863
14796.427
12096.612
14936.687
21859.895
22599.135
23690.074
31744.299
37365.953
10768.467
13404.556
20663.64
13732.095
13226.002
24363.445
15725.526
20522.502
10101.2705
16054.465
9848.371
17938.445
29641.51
16904.096
13611.522
21556.629
12781.844
17561.875
7588.566
21007.477
19629.389
14135.739
18655.639
28272.35
16883.34
18825.566
45916.836
26622.916
11547.672
16716.52
28536.91
18325.832
21484.686
12987.93
14866.398
14375.878
20770.865
22015.742
27924.506
14338.711
10495.0205
25178.77
13525.7705
30266.799
15682.082
27457.38
23893.293
38185.145
14666.98
24270.785
26321.303
14811.932
21529.703
16061.12
14619.128
13025.904
11433.249
26178.01
18419.75
14603.342
24757.748
22250.275
12416.905
18662.836
35637.66
12554.535
34047.484
30640.3
18944.076
22352.678
18706.482
13152.474
13400.709
13543.557
26255.72
14334.904
18934.64
17260.258
13426.706
26377.766
20051.488
28843.416
17498.182
17598.756
16685.113
19824.979
15485.02
12240.245
20311.217
17184.531
39313.887
13616.942
15137.211
13315.774
29318.562
24893.19
15160.322
16419.348
21895.059
19736.51
19160.604
22488.89
9976.957
19635.62
10927.9375
24539.566
25280.324
14169.173
14806.248
15583.451
22883.744
21878.436
12563.266
22358.674
20478.043
12255.903
9701.875
12303.632
23177.102
22561.02
8707.581
14184.256
18797.89
14760.832
10348.75
14827.236
23657.88
21284.66
20158.732
12964.289
32349.451
14012.655
14072.962
23450.86
17755.021
13807.533
17186.25
21717.695
21887.277
14779.34
14220.23
13038.847
37338.926
21874.637
16321.59
18110.145
12062.245
19736.473
16567.01
21815.605
18063.953
15180.53
12097.993
11333.855
19402.723
12221.601
17582.6
13894.38
34005.91
19546.559
20046.508
18904.508
18712.379
36820.184
13132.887
19611.988
23606.88
20547.482
9939.987
12547.129
25958.648
24398.076
20123.684
12525.206
21121.322
12076.499
16567.072
13827.794
13214.527
13413.664
17075.162
17580.91
16684.502
13787.625
15253.898
18030.396
12539.965
14301.351
15353.397
21184.432
12470.034
33341.35
14001.402
13263.032
18996.602
18088.465
19773.193
15582.172
23408.857
22795.037
30816.043
17937.725
19916.422
15231.734
11651.326
10487.024
12467.06
18298.902
17923.697
19160.549
14957.302
20286.156
18300.049
17109.086
12690.984
15551.01
14972.499
18157.86
13796.141
26275.75
16336.195
24888.967
19846.91
19635.055
20687.695
17672.133
19138.338
13968.8
12377.459
11412.21
18410.791
9533.7705
11907.38
14783.468
20571.78
17218.15
13396.078
22289.795
16038.78
19339.447
7258.3203
21190.871
24862.64
16582.752
12446.643
13360.635
16563.982
15865.649
20954.32
21611.178
12805.582
14140.967
11998.846
19104.227
9725.799
17409.477
9847.326
21274.523
20836.498
12329.238
20144.832
21067.326
13820.457
10174.569
15054.29
11626.082
12975.255
30606.996
12270.76
29400.77
21474.861
11405.755
25210.205
22075.81
18296.512
16236.92
26213.45
12460.082
11855.626
14590.131
10682.243
20430.398
20611.818
20224.7
48541.24
28610.984
8444.256
15306.432
12787.414
40959.86
34340.492
18637.377
29490.873
20592.256
13066.851
29093.105
17321.346
15252.167
13595.773
15725.698
13400.973
17997.797
32295.133
16626.264
15565.305
46219.543
13828.196
19562.047
27106.357
15409.961
23428.158
13273.51
17625.027
20921.336
14068.223
15526.814
10455.769
22358.62
24903.553
16350.766
27441.752
16331.283
14614.352
18332.947
24821.328
17063.752
14151.024
8887.842
14881.774
12244.857
14432.231
13780.022
25367.137
12947.474
15253.651
14500.853
13357.594
14379.839
14303.628
12150.874
30411.553
15202.921
39256.9
21760.139
20022.766
24221.871
16373.728
20549.057
20100.924
12085.773
12005.558
21258.342
28062.832
19641.398
22203.43
15239.497
22403.852
22690.547
19280.266
17063.24
31306.82
22097.594
16952.055
11369.713
32236.559
14949.187
12955.954
26499.605
19791.947
35669.766
18715.127
10110.993
12848.938
20687.56
35637.035
15672.672
15213.422
15522.153
12333.929
14322.202
20779.918
25159.787
15788.391
24118.719
13019.703
24415.084
16538.377
22697.535
23706.174
11533.657
17853.158
16886.674
14817.792
19922.543
20644.03
13551.767
26626.717
19864.758
38473.8
13848.56
14682.597
16652.75
16973.455
17638.146
19970.309
43618.44
33334.54
19100.332
30957.137
17873.986
22489.426
20154.117
15432.336
11920.947
15081.191
19762.14
16445.484
10008.791
21669.309
15018.374
22934.67
24585.445
14466.759
15510.795
39962.54
15677.141
19635.309
9945.704
12010.878
19910.363
15006.339
17844.857
11261.313
17002.416
15892.773
11458.186
20487.273
52105.496
15711.246
14932.872
14280.492
14869.773
18815.562
21101.738
13790.257
30511.72
16207.277
17076.105
20283.664
15444.15
12178.15
20560.5
21563.71
23961.385
21086.574
28905.332
12796.51
23285.633
12217.277
20592.469
15001.717
20897.025
14219.363
19773.78
14051.665
13670.114
23604.252
20981.658
11727.439
21915.885
11371.802
14225.662
19975.22
26046.264
13887.582
18149.24
14128.864
6677.776
15838.469
15685.755
26165.418
36883.75
22699.396
13311.517
14028.836
17329.398
28310.86
27871.766
17319.176
13930.875
13964.478
26503.357
47440.543
12758.9
12371.425
14063.211
12665.55
13824.606
29142.42
20356.49
21432.59
16815.98
17793.797
20335.037
11686.132
19865.559
15211.729
30413.912
9889.524
14015.733
15286.168
27075.371
32228.082
28342.455
17874.51
19009.734
12751.053
10852.012
30441.598
16590.404
10386.702
12813.668
25804.357
14920.409
10533.917
43029.137
14005.852
10301.305
14463.802
38956.18
44810.3
15845.31
21286.672
15119.395
14310.691
14770.418
9001.752
20692.152
13726.13
43106.31
28458.332
13249.699
12825.279
28882.613
11121.173
15417.674
22938.957
23224.205
23614.225
25440.248
20085.725
23080.781
13693.299
15392.735
24678.111
11864.349
17691.707
29305.041
12962.998
12917.719
14448.759
15119.331
27515.518
20453.232
11515.907
12136.9375
19246.098
23127.965
12839.778
16243.744
25059.406
36577.316
20334.914
35578.883
20940.234
14774.277
7262.203
18968.482
22401.834
22259.463
12556.2
16268.218
15426.691
11540.496
18537.594
27126.951
13151.669
23401.709
18579.691
22222.291
10349.073
13523.558
19454.297
20025.494
14362.154
15349.641
12839.198
12317.422
13561.366
24761.365
28206.646
12480.44
11799.72
12151.189
16390.973
22187.684
31814.262
20417.11
8822.995
17105.723
11544.54
18816.762
11975.001
7997.0283
11269.494
12491.68
17347.586
14071.07
19133.139
18551.488
9187.228
18629.027
18881.512
24123.084
25116.854
34752.566
13600.808
12659.166
20340.05
15389.988
32975.332
14584.42
23325.363
8899.184
19245.488
12426.933
19980.902
24579.242
13769.336
21060.145
13595.533
34606.285
22663.348
17800.93
34065.152
20295.203
13317.834
11436.742
12029.765
14532.685
20806.512
14454.789
20042.156
24219.418
28317.701
29919.225
13224.507
24314.023
22961.14
14411.462
17613.236
19521.852
15038.313
15962.877
13941.762
17456.623
24170.967
11293.673
19739.457
32701.697
11445.166
31021.342
20283.21
19813.334
24746.191
13715.885
15817.226
19513.688
24687.105
19110.7
21749.857
21900.57
10534.673
12065.273
19746.857
17780.32
19065.135
13856.147
13390.257
16589.396
16586.344
19402.979
25045.086
8156.9053
15739.338
21868.53
21257.963
12433.481
15679.3955
11727.044
20305.963
24535.984
23330.107
35829.42
17713.816
15405.656
17545.045
19045.902
17686.846
23746.1
12707.421
11745.544
22937.945
12812.538
26100.959
16504.168
22575.125
17757.395
27223.238
12410.047
11751.387
19426.408
22816.295
18443.334
16782.432
12332.766
19570.057
18895.535
10931.824
13347.918
11063.779
16491.059
20456.402
8581.136
13084.538
17349.75
22027.303
18965.115
43709.734
27103.29
21856.492
14822.733
24587.605
17017.135
20610.172
12627.838
17337.459
9435.611
12155.36
20518.312
11410.001
25662.217
46095.457
32955.35
17941.783
10570.64
11539.347
13290.515
28433.092
20076.475
15768.552
30138.525
14038.624
22131.037
22780.486
27723.922
33919.934
18763.865
14603.958
18093.854
10821.566
16999.502
20476.973
13147.109
15501.508
19816.969
21692.963
22826.47
12382.87
9550.467
13606.138
36198.92
17037.941
24722.68
17734.783
23005.965
16210.759
19610.496
14837.032
19830.762
16595.248
18642.438
13257.99
17450.479
22269.914
26408.45
14449.016
12247.479
28720.443
11087.237
22626.502
15592.782
13836.741
17967.123
18032.328
25980.37
12759.307
12762.721
13201.576
22404.879
22239.846
16600.672
15449.85
22721.662
13427.023
9179.06
20134.85
11066.898
12332.652
12215.828
36534.94
12565.502
24887.57
16178.211
18094.938
15361.443
16366.042
16062.5205
23642.752
46010.23
13538.119
11826.248
11914.277
19433.275
22554.934
9147.081
23527.885
13289.443
19041.082
10972.742
26641.74
17400.885
16291.9795
24128.03
20613.363
14065.983
36446.164
13333.2
17708.68
22279.49
20739.137
14797.366
11874.624
22403.873
23724.621
23473.871
11879.757
19517.664
17037.375
40192.53
17347.086
19728.508
16736.096
11471.785
19411.846
8555.49
11791.682
11063.764
13021.492
30789.146
20073.215
20830.994
21984.86
18910.084
12567.464
10987.079
13343.156
14979.343
18979.945
13566.844
21885.729
17006.518
14203.189
13316.152
12468.78
21993.877
17323.275
13124.991
19425.156
22029.812
17515.133
15731.851
8920.575
12397.026
14942.689
10383.337
23422.727
20648.625
23556.701
8121.671
19341.389
15123.66
20579.693
18404.834
22088.309
15449.652
22398.627
16466.94
10185.576
35622.01
19376.371
12905.594
13960.55
15656.612
27977.742
35347.586
26096.193
21801.123
16052.937
13720.952
15351.897
24267.549
15429.099
16096.86
10335.594
27193.994
21446.297
18448.672
19526.729
9230.185
10468.326
19894.264
18574.207
23730.564
31769.57
14320.794
16419.229
13439.199
12301.997
14991.833
15228.691
7650.278
24220.564
10034.584
27500.191
14523.79
23266.219
15490.341
18975.154
19340.205
22966.057
17840.11
19171.475
15988.759
12222.055
25249.004
12423.487
