12366.204
18877.541
10964.726
16005.085
12381.916
15409.0
15223.112
30802.574
12964.985
15372.037
17085.514
27147.027
26282.863
16591.35
14347.722
25011.318
13709.177
25108.645
21378.045
16036.0205
20659.975
11979.533
17450.355
16917.94
15567.38
15649.943
21471.729
34086.363
12785.894
11603.518
22518.266
28501.719
13526.265
10665.922
19323.361
15966.082
16265.391
19916.936
15091.6045
14344.612
19920.605
10700.111
38777.418
23562.682
11351.436
25531.814
26397.58
7151.2026
13365.699
13098.922
16723.299
17910.246
15679.159
15171.191
11495.111
20167.223
11798.6045
14063.517
16004.405
21178.896
21881.375
18005.576
21530.293
13379.845
38253.047
31534.193
19163.068
9256.583
8903.267
26243.057
22064.32
19684.27
18166.172
15712.111
14317.503
11765.637
11328.181
24389.691
16101.417
12383.64
12280.271
32872.863
13231.717
34662.24
15310.721
21277.871
26261.812
15573.819
17962.676
24450.682
25758.254
21888.738
17766.084
15412.228
33070.156
14202.751
19203.662
13885.158
11390.494
22941.887
19912.25
19516.658
33343.13
19117.443
34237.773
17909.025
20123.04
15495.457
20475.65
11789.581
18888.959
13811.307
26629.11
19599.16
12093.79
11739.131
21855.158
21447.549
17484.992
22842.717
10955.892
15994.701
22180.67
15037.354
20607.215
21238.12
16819.9
11045.56
14531.272
12469.832
21184.295
18501.244
17972.871
12531.194
23467.494
20125.527
35470.164
11571.775
25502.836
35620.29
12696.048
16117.778
19760.973
22041.508
24477.012
10562.046
20185.824
23938.006
24588.115
8576.949
47702.336
17751.705
16459.94
7936.182
17495.305
19241.89
22512.832
27088.46
16078.3955
23148.479
21195.791
16238.167
17597.578
21627.201
14450.406
12244.136
14072.136
16134.151
19197.566
14458.383
28311.898
13166.224
14751.703
21793.84
13290.944
15828.082
8917.421
23826.207
11671.823
19370.379
13428.472
29119.52
20242.205
26149.297
12223.547
19627.611
18679.285
17458.074
23690.686
19938.572
30260.229
13390.059
30219.117
17658.256
16566.541
22918.453
20669.102
27638.902
22010.314
17718.09
19608.207
22205.854
11927.708
19299.03
24236.383
20484.84
16721.45
17547.459
12772.561
34648.195
15077.883
27176.53
26056.852
19117.951
14721.588
13697.066
14259.454
19159.037
14350.936
18980.44
31431.164
11108.353
30006.707
14760.919
13324.092
14230.285
19648.29
18130.355
13390.411
16871.064
18536.129
9611.026
13484.584
14171.545
12986.834
12439.442
22737.309
18860.662
14766.33
11364.965
24210.943
13500.46
18251.377
9597.462
20020.666
23085.06
11681.296
28136.445
20241.676
15013.319
11017.591
9550.672
14721.875
26127.338
20138.658
22531.031
25218.426
21175.03
11726.044
18604.871
20063.355
13803.307
11622.431
22227.691
25348.244
9181.688
25239.094
18154.246
15201.074
30194.455
11557.884
16958.455
49491.797
23714.625
16183.334
26978.592
14191.525
9986.68
38325.05
19413.02
19343.576
16022.523
19791.936
15388.237
13973.952
26772.326
18247.512
21452.027
14792.325
18611.623
23851.234
28862.93
26483.182
13950.775
17457.604
20825.375
31229.127
21432.316
31251.729
21380.79
27436.879
20650.14
16805.152
15487.201
25330.24
17026.963
16574.719
25176.521
17329.012
23936.275
9930.41
26114.36
32168.35
19790.225
12610.956
9848.809
22980.172
31089.775
23610.006
12978.791
20837.25
19985.857
18504.977
12139.405
7986.079
26522.254
11973.34
13062.567
18746.238
20453.46
19290.53
22917.447
26796.633
21303.19
18796.982
17018.941
20873.098
22973.762
15495.081
21178.92
17766.334
31164.56
15312.501
17416.451
12896.13
19019.8
24486.87
14192.44
12970.874
24701.605
13557.251
17184.645
21161.564
13049.26
17077.264
24080.73
23852.201
24668.566
21265.814
26858.133
19959.582
45293.684
37955.22
20584.236
12874.595
20782.535
10737.742
12801.341
18817.908
18982.504
26390.371
19911.408
23384.318
12578.5205
10326.312
32891.027
16694.688
18223.79
13027.2
11133.298
13634.709
27426.807
15511.994
12780.862
8747.804
20053.676
21559.96
16090.882
39623.0
13406.689
18422.156
13896.38
15605.343
14734.559
19681.14
16348.301
19837.129
19862.37
10713.029
41222.484
23326.64
8410.449
21515.932
23639.516
22817.113
10379.306
13571.766
23610.375
23473.719
20080.188
16219.849
16485.42
24798.033
31578.215
37046.117
14287.143
10810.646
19026.7
15118.29
39343.395
23194.111
14459.488
20906.768
23604.719
17912.46
16580.754
15741.842
16174.249
26085.053
14366.205
28435.322
13150.052
30236.15
13702.7
15611.418
23231.455
14022.32
24938.24
8090.9595
17787.818
22535.033
10656.683
12160.769
13243.31
12639.512
22050.564
18390.852
10014.89
12161.386
17194.107
14404.749
20850.648
26223.652
18355.764
22825.076
12650.552
15979.3125
14365.436
26215.695
24753.568
31755.457
27180.982
24083.28
19081.205
20787.912
14757.572
24504.42
21744.498
23260.715
24473.326
21150.39
21391.652
18969.227
14690.508
19809.795
16858.193
15617.218
11472.578
23795.186
22471.697
22203.762
10086.607
14885.748
17202.867
13755.8125
22627.764
13918.465
12048.678
12996.332
14171.346
11012.77
19402.52
16919.71
14123.615
14216.417
25051.096
15415.74
14058.528
17454.357
11722.75
24899.38
15853.195
7875.5835
17628.469
13374.945
11693.46
12263.668
13882.285
17733.941
19247.883
14709.58
31326.914
21954.97
16970.193
12516.162
14204.652
16440.336
32482.078
15368.796
13707.132
16183.614
12493.194
29072.445
17637.295
26726.428
26963.346
13330.24
18646.803
12370.453
18786.277
10972.578
11707.542
16886.992
8845.694
19221.375
11346.253
32071.63
22728.045
13317.868
9969.915
32250.006
20029.594
17153.916
12269.56
9660.362
10779.361
23396.354
14552.676
12001.734
17000.59
21547.273
13299.08
18534.717
25752.834
15309.127
22518.258
18867.975
21835.035
15966.967
17352.674
22976.494
7426.3687
28705.262
15370.012
15098.738
17772.34
13940.318
14508.898
16202.752
35292.203
18647.174
37974.258
30892.982
19996.168
19371.0
18602.846
13929.51
11038.717
12575.569
13424.261
10421.918
19015.928
19506.053
12101.323
15753.398
16510.3
23578.172
23728.254
15135.48
32719.84
25264.844
22517.809
9696.511
12923.537
11412.943
9418.108
15038.147
45628.598
16950.504
13490.49
6576.7095
19217.072
17221.969
17217.775
19898.953
13353.105
19654.568
25942.277
17537.51
10061.056
18616.553
19817.518
31947.361
31592.92
17433.533
16714.527
21390.314
24309.73
19951.516
21544.93
14001.692
17705.12
20388.969
13301.531
19807.812
26936.557
19800.775
20595.814
23121.707
20413.7
36969.96
21160.46
18038.22
15601.531
19381.54
14764.41
19283.775
22275.709
13598.356
42983.953
12231.952
11483.042
20053.906
12878.982
23726.533
20944.48
18449.422
11356.106
19182.21
20746.979
28032.873
19538.777
17867.51
8698.609
11434.79
22467.395
13771.628
31954.098
13575.177
19693.863
16266.716
17612.854
14588.344
31465.57
15068.111
22502.445
22396.557
23114.824
14759.802
13564.035
21855.88
26966.857
35378.71
18154.785
14340.876
17098.377
8293.733
10820.091
26935.375
16745.62
12720.732
14779.119
14409.795
30827.344
23221.19
13808.506
11901.272
16534.008
21437.287
26181.018
21714.223
28194.078
20419.014
13201.88
15375.075
30315.45
40852.746
13891.241
31450.797
15627.827
21996.107
23295.143
18156.553
36300.58
11029.275
22305.7
14728.346
13617.901
44027.938
20463.906
11631.46
16609.887
19597.879
18261.611
14576.99
14991.057
7313.1455
16724.324
16040.746
13985.8
34371.8
22665.475
15528.232
16992.416
15335.021
18302.412
22646.4
12565.055
11207.071
25381.691
7653.0747
20174.379
20630.105
14112.991
15744.093
20889.494
13447.553
10427.852
12912.099
15113.054
37781.312
19823.857
18801.693
15461.631
22418.7
12016.215
16367.03
31975.527
16452.219
14921.033
13674.967
14656.378
19478.621
12832.898
27533.332
11585.721
13456.149
11484.53
16801.812
9736.387
13400.821
20770.922
13015.479
11531.435
28212.465
16012.462
19051.814
8752.591
14820.533
14225.167
15740.131
13940.862
15392.072
10031.906
10151.719
33506.625
9569.324
23003.635
10657.611
16336.33
27804.436
11331.151
17437.082
13269.974
10925.756
9899.103
26007.773
23672.676
15511.823
12997.851
18034.863
12749.978
16371.073
15481.113
20412.752
18941.111
31652.586
16788.092
15433.37
8583.109
13541.746
16623.902
26579.562
20402.799
15603.133
15206.932
12529.124
28404.5
25449.158
9802.833
11785.444
14080.082
20886.725
12238.279
17052.994
10043.698
19223.732
16959.0
30734.049
30664.406
41719.297
16218.375
18145.76
37488.203
18656.844
26595.229
18486.783
27535.46
7718.1484
13061.904
10957.385
15953.939
12027.073
21187.486
14191.577
10310.448
7129.0156
13150.191
20610.543
20162.754
14675.34
27191.158
16085.913
16511.871
19162.066
20006.184
9583.342
29807.719
15450.377
12767.894
13958.657
16414.531
10559.357
30371.531
14532.042
20490.459
14252.937
25733.049
6608.5405
14780.592
23556.604
14804.998
10891.233
21952.361
12482.047
26382.033
21183.021
15732.094
12027.041
22084.223
14517.288
24729.652
10315.526
14991.378
16755.129
12962.018
16848.445
21263.502
21942.984
40099.71
13723.108
18977.33
14584.078
9559.382
20566.324
24433.758
32745.424
15688.512
14987.359
25852.195
16126.049
19357.295
47882.63
15038.628
10433.543
12863.188
25472.422
10550.698
13726.723
26232.412
7362.5
10209.512
19900.434
17823.447
25423.336
23897.434
17687.12
18754.53
16969.984
12934.816
17993.648
13084.064
9595.684
19045.486
32958.906
16695.684
9002.897
25437.14
11247.798
11537.333
21083.83
21709.469
16157.714
25673.121
13146.305
18706.188
22503.207
13894.809
15259.876
12904.337
18894.238
18610.88
20121.988
10251.877
17403.982
15164.016
17371.287
18778.426
13560.528
15838.76
15812.191
15521.556
16423.518
19869.242
9116.294
10557.687
13306.226
17263.066
14659.671
22003.55
11934.353
20482.283
13533.63
13780.461
20664.703
27078.746
18070.666
11873.365
12613.259
15524.001
27929.611
21844.26
21263.578
25496.213
13565.719
18637.0
35282.957
9293.955
19325.363
22675.29
33112.25
23792.668
22626.129
18925.2
18258.287
21017.62
32736.92
17871.107
13247.048
12854.589
15759.581
10237.126
9395.207
22834.941
36208.797
21154.133
12596.195
20561.746
20219.352
15764.095
16981.627
13563.284
15900.305
12866.097
23534.568
7398.8813
11247.214
11285.1045
21129.36
20833.74
16857.795
13430.853
19077.584
15762.298
8320.96
9276.679
36128.867
18809.361
12294.268
8329.905
18784.623
9134.387
16062.841
17387.006
19308.824
35952.215
19994.857
10782.074
13313.277
34768.266
9454.709
24293.441
16370.15
17435.37
18425.42
25189.277
12882.683
20372.297
12134.835
27457.021
12514.955
21529.139
24129.71
8999.432
15481.763
25240.396
19011.75
15821.913
15035.483
17281.312
22388.416
14367.972
25130.844
16714.275
12508.487
22828.031
26168.152
18646.635
13607.019
15478.14
42095.39
22782.146
12487.511
16891.209
24529.771
21635.87
52840.45
28317.99
21484.592
12888.822
12845.723
20360.482
11975.554
25820.104
32583.383
13485.742
17270.168
9917.968
23875.744
14831.651
20984.826
23364.889
12464.503
22280.973
38949.0
18987.209
18342.793
20237.225
35779.793
12126.388
18628.584
9448.304
14395.916
32062.494
23764.523
14689.591
20233.582
9888.973
19007.312
19148.732
20609.965
13432.776
15934.497
23176.008
15105.795
13367.928
16799.375
16841.623
14060.348
16169.633
32844.35
13158.247
19754.004
19540.426
16013.183
14828.634
22028.006
20059.031
23102.225
24314.473
30997.75
10745.951
16013.457
12998.612
18008.344
14743.48
21684.654
19814.75
31190.756
21821.332
20437.64
8753.08
19600.379
19880.145
14990.812
20769.31
16325.559
18658.508
23284.154
18837.14
20464.305
19792.52
19186.08
32518.584
14578.464
24165.059
35879.906
14975.483
23527.725
14984.585
17778.521
30131.29
17809.725
11954.12
25144.693
11436.907
20459.06
26023.963
11375.855
16653.814
19361.559
13829.696
26169.596
15222.985
22559.477
13083.207
15225.354
17576.762
19728.824
13052.618
23162.143
14922.877
12578.286
14225.164
14357.312
19045.242
17224.893
21327.729
11597.452
17884.656
19007.447
42207.89
17062.844
12852.405
19078.492
28664.012
13139.731
12748.403
12577.916
26570.773
15724.76
19618.28
13863.9
18297.176
11234.193
22900.756
15687.929
19186.219
18224.592
18902.154
11400.169
19139.844
16979.332
23821.383
10168.367
19171.28
13953.97
17799.03
18588.387
12734.243
20871.246
37472.992
15479.736
20827.785
17264.678
17809.123
28523.146
13839.632
13436.061
16696.182
11035.579
21579.713
20842.611
19296.414
20482.307
40435.29
17234.178
16400.258
17823.053
20355.951
11477.665
16469.38
12251.477
22502.414
17878.652
15830.559
25098.502
13370.792
21810.604
17814.676
19070.568
12517.05
20361.625
10245.367
13003.088
17324.207
20558.88
11711.137
10732.168
29459.283
10302.581
19908.684
24272.398
14676.2
12629.913
15253.081
24518.564
16389.4
26700.047
15385.814
14654.578
15543.68
14010.514
15144.462
41120.54
26425.041
15153.498
8377.35
21523.357
16665.69
14648.207
11713.617
25973.05
19970.08
19725.387
19651.607
16705.531
25398.227
13496.571
14458.193
42625.85
9553.812
15525.275
17445.887
14223.266
14027.255
16087.507
17627.266
25130.38
13486.515
11758.12
18987.678
13747.593
19677.396
15514.53
10886.217
21041.709
15052.2
11014.184
18525.355
11977.644
29199.139
30813.748
13742.228
15325.256
25993.219
18837.482
26658.738
13600.415
17439.668
9023.589
10680.807
21378.537
14170.86
12121.719
14766.097
13648.2
20033.89
22151.781
12667.077
10206.623
18843.885
22305.69
12804.781
10927.475
13739.312
16914.162
26429.217
9843.485
18126.219
25913.81
22253.545
19421.604
20268.484
13578.978
23192.209
17862.424
53343.27
31452.309
40932.44
7536.841
11339.172
34085.83
20650.879
14195.953
20095.053
11776.705
12717.111
11650.413
25127.564
25026.877
15334.343
10682.17
23967.805
30182.932
14158.904
12933.882
13285.341
11873.426
32215.469
18580.139
15563.569
22815.31
16880.797
16894.291
40056.035
13090.782
15482.356
20084.781
16184.494
12313.76
14806.132
43127.766
26854.342
14065.141
12520.965
12319.593
18545.234
24199.938
22148.684
12502.979
18217.0
11201.829
12556.768
20149.877
7896.302
24156.482
15542.911
15920.19
22403.79
16825.477
32152.387
25500.217
12653.527
22926.975
13076.608
22240.53
20023.838
27878.219
29566.514
21010.924
21037.889
18931.219
14549.71
12445.044
21100.152
16567.188
24458.732
22617.73
16606.092
13128.629
13689.98
18531.498
21474.36
19084.979
13118.559
24909.17
16402.643
17482.75
23153.268
20434.764
16646.318
16428.676
24701.51
24997.863
11792.99
16838.86
14668.694
11518.685
20621.742
19905.652
15324.189
14553.662
31500.127
9580.551
12212.086
26989.902
24886.723
16451.293
21266.064
15591.413
16573.889
17975.643
26768.203
14955.92
14507.001
22360.44
12419.141
16510.824
20382.182
18787.195
16221.301
17871.012
22495.5
11510.454
12927.181
12980.223
19182.707
11852.798
28382.031
14678.178
21868.738
23334.557
19821.596
14141.896
22125.443
10155.399
18183.3
16691.229
12611.065
10357.054
35735.43
21106.18
11280.404
12079.377
14947.402
26831.486
17038.457
31154.512
14292.599
12245.659
34766.45
27344.818
20106.404
20796.4
22510.428
18525.926
22718.56
20162.32
13149.932
18904.66
15499.068
18452.225
11113.874
12418.408
14402.888
21315.703
11093.446
15115.329
17841.932
18790.021
8541.962
12952.234
20147.303
16369.583
25424.049
15007.474
12114.731
13329.138
14961.89
16460.504
24065.94
9994.779
45383.242
15690.404
12428.494
31291.484
24866.838
13813.917
23808.834
17420.482
13985.491
21024.11
10675.713
14069.541
9442.761
12969.909
21260.23
17472.137
22628.564
24693.92
17213.855
15667.186
12993.538
19993.96
21656.488
19023.07
15043.24
15763.322
18870.23
18243.807
11832.677
11845.654
14019.928
11863.536
15227.778
17201.8
49655.066
23141.174
18016.82
9741.584
12516.669
14245.654
11450.94
19315.736
11251.718
16700.82
34797.414
26333.516
12173.418
11470.003
19636.611
25489.8
16280.894
21737.018
8391.756
11696.1875
10024.139
23560.857
21903.195
16039.735
14631.574
29912.482
21342.516
23730.19
18295.902
17471.98
25007.615
18581.32
30443.35
19255.205
16241.233
15947.445
16957.89
13726.689
30555.262
13441.776
19908.244
8598.663
20074.432
15240.199
30013.379
29644.227
12288.67
14609.856
16841.258
19300.25
20239.412
14973.641
11382.3955
11308.681
9065.45
17393.832
27870.912
30614.357
13177.21
18388.266
12433.136
23261.18
11389.633
16378.956
25808.129
10952.981
18113.025
16502.72
17282.385
14997.415
20552.79
14906.887
9356.137
16314.749
24447.117
17805.545
11549.429
13384.129
15576.158
30729.633
26338.725
13339.307
12019.853
27218.383
29366.541
21649.662
13467.411
19545.355
9784.559
10670.368
17426.15
12756.627
26493.42
17886.873
26092.799
21022.766
18035.508
20077.78
12248.672
13270.37
16597.127
21358.555
27235.877
8781.014
22452.797
13266.161
31913.209
28410.62
19274.84
37000.67
16653.363
15538.776
18580.586
11578.248
16718.564
9739.722
18390.793
16167.174
15496.973
22909.742
21817.69
10496.791
16539.758
20462.033
4432.5195
8009.966
11768.244
18188.242
31928.195
27883.57
13765.797
16579.781
23478.703
14885.284
13186.531
20347.875
11973.41
18876.566
36932.07
14375.837
20711.506
34872.33
16911.414
15717.376
21459.494
19689.875
12596.819
17260.254
15805.444
18652.482
20402.85
36357.78
20237.541
15318.355
22787.887
24457.086
24032.88
14422.734
25426.32
18159.94
10162.249
24168.611
29426.754
19398.232
24294.592
21830.03
12506.692
28781.578
17178.102
10353.135
11909.088
18970.566
22732.201
30260.275
17135.363
18257.871
19299.326
12405.957
14736.643
11802.05
12419.157
38049.63
17128.379
12744.125
26712.045
30209.578
20782.1
17589.068
12417.14
24145.62
36018.19
23602.203
20751.328
11663.401
21980.795
16050.546
11531.693
18138.984
12523.674
9088.632
9189.834
27766.64
27757.39
10375.684
14119.0
12354.908
13218.804
20505.96
23099.342
18296.314
12458.144
16308.53
13196.649
19945.37
14553.546
13747.103
18263.764
17140.373
15014.664
18464.79
15907.112
22178.354
20387.16
18909.781
15788.844
27742.709
16450.492
20876.938
14273.597
15295.599
16707.352
19745.564
14340.56
18274.982
26255.645
21553.426
33739.582
13668.317
17551.297
18875.92
12949.108
20546.828
11965.635
10685.074
12315.983
14212.436
13209.996
29794.314
11131.106
22831.703
15938.27
16265.436
23812.148
18807.94
11355.382
11986.659
13184.068
20367.48
22000.275
21906.4
19169.287
26130.494
11290.735
15908.246
13302.351
17105.076
32432.67
18192.682
26810.895
16893.895
24205.84
20084.244
23071.713
14123.309
21695.582
26107.67
7634.4927
9541.8545
14489.764
15836.829
24935.098
11638.397
13103.132
20278.832
13887.612
19801.223
13858.2705
19950.61
14281.986
16123.153
14348.455
13642.692
12894.118
14254.309
11671.051
31404.984
14801.245
17218.244
11620.851
17567.678
23416.691
28200.094
21600.703
12625.669
14017.289
13046.598
14046.418
14513.815
23509.174
24921.182
14972.699
15596.919
19091.217
12192.957
20862.01
11404.872
13439.19
21350.836
19155.57
12270.757
18000.42
20693.908
24580.055
29760.543
29834.492
17003.846
17908.062
10646.556
13637.894
14564.483
6771.179
13336.704
20310.682
17414.686
16390.51
13383.159
16939.633
22901.762
33220.0
37756.453
30876.84
18276.963
19683.998
20958.117
15500.276
21227.71
18562.64
24326.398
13282.043
22971.84
15580.574
13693.894
19740.666
28848.873
32706.0
17229.682
22415.287
13974.782
13214.211
19980.617
26469.314
21645.475
12405.273
14189.817
11938.647
15178.979
15036.22
20112.355
17964.797
13257.164
14526.85
20307.559
28483.229
29001.2
16344.811
20935.205
16023.641
13781.305
6658.8145
15733.779
9834.458
13971.43
18872.717
37769.133
16639.037
20296.701
13253.978
21050.549
23228.84
12075.48
12856.407
16690.244
11404.106
14148.93
12660.3125
19575.16
19949.287
12847.395
13258.716
10095.409
35130.33
36991.418
18566.035
16385.693
9557.359
20673.863
17841.031
9794.996
28133.998
20548.375
15901.9375
19648.762
19631.82
23032.982
26053.662
10899.42
30831.926
15114.549
14615.319
26366.348
25085.693
13038.871
13255.702
12405.514
11585.336
14928.596
11412.174
13374.872
7092.0054
14970.829
17967.906
12198.985
45048.785
16927.436
13461.467
13102.993
17640.936
15316.36
13248.367
17901.69
14155.924
9497.809
23489.752
28838.371
15761.77
20615.346
33651.2
17603.889
37374.42
16368.37
19258.578
19947.086
10808.165
16816.104
10989.315
12194.788
18440.674
24245.838
11210.851
16592.918
26889.982
12646.761
24888.352
16777.113
13250.043
7849.7163
18881.766
15291.378
16807.455
17132.242
22444.754
19151.91
20112.125
18089.838
24446.379
11629.168
19118.139
27391.838
24158.498
17691.984
16211.066
23334.598
19998.615
21711.426
23657.924
22821.354
17818.195
19127.861
14278.723
18537.717
12757.193
12751.87
16571.223
30459.318
12978.091
29105.57
28474.738
18650.531
17129.795
17210.934
24506.33
18614.943
13342.414
12598.849
17100.21
20094.387
11309.33
26812.383
19967.785
19210.236
18933.074
16370.847
22271.178
26218.293
14257.718
46199.434
16977.254
19034.7
23357.895
14477.313
23435.91
11894.89
23430.713
20683.254
17204.973
20517.879
12152.069
16310.73
17387.857
19431.037
21110.668
26228.133
12525.777
14081.243
17674.643
14790.796
32932.926
12618.814
13231.118
20663.258
16408.922
25252.215
15920.524
26685.803
24996.54
16830.562
19157.834
15114.026
16880.646
27227.234
17294.7
21436.592
21297.863
13543.869
14303.218
13511.549
15308.0205
17510.568
14066.531
9722.147
12890.146
16937.314
22734.033
8990.502
25930.172
26486.102
15279.035
12986.314
20565.17
10605.682
20164.703
11719.296
20349.566
16731.398
7573.7085
12257.018
43290.758
15233.603
13099.24
14935.216
19896.117
24956.545
15974.126
7708.791
19265.17
25238.988
13335.646
19576.607
12271.211
16947.16
15263.264
11040.696
12156.902
12428.544
19178.377
14662.097
20536.062
29764.803
12368.857
27998.297
16303.621
29876.633
24564.9
20717.826
12772.952
11910.259
22418.13
16896.41
11476.03
16652.084
18343.47
21726.875
15736.351
14967.887
17525.764
33068.28
9196.294
19883.262
21636.38
19929.037
14698.901
15872.429
16804.168
14654.489
14629.331
27763.418
17739.389
16360.932
19747.707
26806.586
15583.582
11786.028
13578.073
19348.562
12036.922
19103.71
18861.654
19066.537
22211.75
17808.592
13493.31
24944.6
23050.705
12427.057
9307.177
14304.61
19881.693
13754.943
28348.984
17853.055
15256.994
17861.791
16830.21
32539.309
15925.368
15143.354
21378.451
10052.728
14193.6
19471.29
15419.549
13873.197
13756.138
19126.896
18441.344
19554.068
23688.707
16925.525
15599.399
9045.3545
13337.272
26427.125
16416.617
11986.106
13764.514
23705.646
14411.812
17039.492
13993.214
24527.27
23578.592
29892.098
20624.785
23502.219
20324.732
23121.986
12928.93
21251.367
12393.054
19687.947
18354.03
30631.404
18411.02
19984.508
18852.117
25789.635
15063.635
14733.728
13118.69
17870.402
32900.582
14885.276
21061.428
21227.303
21410.28
26684.0
18972.7
13741.382
11545.655
15916.02
20693.016
13981.056
20973.79
22448.236
9924.426
22516.982
16233.488
19966.316
20024.146
15135.87
13545.074
13076.747
21053.865
13706.901
27394.82
20333.654
20564.781
15480.791
9778.198
12382.598
15203.54
44119.094
24935.607
19953.158
11947.531
20980.74
11054.585
8724.073
12559.778
13178.753
15026.904
12252.901
8890.68
9249.159
11599.648
13473.443
16901.799
17243.297
23140.803
20299.531
11238.925
23312.076
30965.586
16932.62
27303.24
12915.577
18153.373
18694.574
18212.885
19044.684
20103.508
20725.246
24140.521
17863.94
26250.545
18568.838
15830.791
16571.832
21431.953
25206.045
21268.348
16323.184
25172.375
7250.5107
9733.497
18031.22
32476.084
15709.614
15750.915
16025.799
18947.912
11919.369
23225.994
22652.973
20045.775
12655.208
11195.288
10224.05
15735.208
25122.12
12675.632
19093.572
12164.088
19309.066
13113.1045
12122.12
20702.924
23369.658
20104.057
24831.441
11143.129
22937.367
18513.164
25092.725
12291.069
19892.201
13470.016
8716.864
24496.377
12819.102
18972.521
22241.668
12149.255
16810.455
20323.732
16542.93
14542.416
14291.207
20156.371
12111.774
27044.176
22794.6
16856.123
12663.083
16258.424
21347.924
20810.209
14309.783
13444.027
18395.037
13621.833
22257.732
19700.076
8659.914
29800.053
23590.451
12375.081
12500.463
11677.607
19125.59
35407.58
9797.204
17881.56
17107.44
14562.062
36799.33
13920.066
12391.991
13897.376
11393.263
13254.434
35818.023
13285.3125
11497.048
10458.055
19462.88
20259.088
25772.47
15808.597
9206.94
19026.822
22526.967
11704.482
12994.172
12895.613
9328.748
11672.059
51583.93
13272.537
23566.37
14381.445
17714.703
19564.307
10644.926
21850.047
15073.131
11072.451
11874.21
16944.877
11438.344
13216.385
12949.05
15000.792
12920.779
12960.551
20783.936
14900.565
21044.902
12235.615
12061.693
19707.844
20690.527
18614.041
19091.748
12734.447
17412.246
21182.473
8049.852
11901.313
12201.325
12427.124
23488.254
30447.787
16901.041
20583.914
26675.037
10871.711
34745.004
16854.11
8999.502
11555.336
23169.846
14240.693
12866.667
12063.904
14620.212
26653.514
20592.701
12407.114
10928.2705
23232.424
16805.549
29691.227
15258.063
9812.402
22770.475
19816.213
23024.236
13807.427
15471.269
19192.729
17391.615
17526.871
20027.217
14481.4375
19423.137
13419.752
16365.866
11862.172
9427.492
17144.145
16084.592
14415.84
25128.537
20422.729
19863.05
17854.922
28594.492
22237.059
18761.373
20922.53
20715.203
14290.139
26263.898
10931.043
11455.784
12269.521
20502.084
12752.65
14653.521
9759.459
7559.2417
11383.8125
18998.13
21469.627
21118.637
27529.414
14658.707
12054.4795
23746.34
15585.93
10842.633
15563.652
14315.188
12147.893
19670.352
22507.898
12576.667
13152.554
14522.391
19245.848
16316.446
22820.828
17151.11
12121.327
23920.371
28121.81
33896.344
21763.71
14187.682
18848.525
21314.072
13667.523
11351.353
15354.749
20810.973
23390.492
10033.892
20761.893
21486.652
18585.043
9886.828
20018.889
24622.348
13833.369
36142.125
14730.201
12494.069
13951.194
14472.842
13955.486
12791.339
23576.855
26581.701
24898.402
11844.406
10178.746
13639.657
37778.586
9151.036
32757.744
21095.615
32790.527
19739.633
28380.936
35056.918
13010.574
19291.54
20604.928
7602.184
42055.414
14869.947
21459.967
20891.479
21953.365
21830.975
11657.092
13053.621
26138.857
35306.527
9362.752
11936.095
14708.131
13123.869
14098.432
22046.803
11973.309
13245.562
17616.611
9373.207
17451.219
12025.602
25995.898
15134.626
12592.39
19588.486
12494.688
20089.053
16221.819
12317.066
35383.36
20552.092
15434.31
15769.421
16428.898
16465.482
15144.331
17063.602
18935.062
36748.83
24209.451
15337.583
30831.705
36833.277
27618.383
11901.464
14103.304
12246.38
15872.148
14792.489
13368.54
12422.016
23386.504
12216.62
13162.361
27022.104
19049.3
15676.811
14947.742
15331.527
9346.012
15759.327
21827.482
11168.186
11234.992
14956.984
25537.057
23118.791
10859.457
24961.566
16702.846
23346.166
13621.514
14329.438
16523.365
15708.491
11035.6875
21739.068
29416.463
10219.143
15297.53
49992.98
14149.059
8544.793
9972.432
18389.43
17649.072
24312.5
15044.287
20806.213
26182.217
17112.06
21913.578
13019.605
12827.265
38049.95
15488.86
19050.535
9543.243
15426.506
10522.971
15012.967
10783.837
14264.642
16771.229
14240.693
8825.486
21789.783
16834.57
9552.89
21228.162
7943.3965
15631.197
16802.605
13184.348
17037.223
18163.877
12767.069
12138.682
25873.508
12242.438
12505.059
18958.879
20950.787
20090.584
33764.812
11496.287
19492.04
14328.295
24313.955
14988.815
15366.422
24275.666
12438.506
18092.44
22650.639
25075.883
17090.416
22817.668
28551.396
16173.55
12207.933
20358.494
18602.168
23302.094
14671.547
11563.822
21774.596
13921.164
15553.058
17706.355
24106.986
14130.337
17817.271
17977.012
8503.993
14037.36
23416.838
13231.693
20215.168
20390.475
21872.475
12932.208
15897.198
13802.501
17128.766
18176.53
18574.305
18422.762
14788.338
22891.336
10590.499
13607.499
15867.061
16724.47
15619.941
22266.217
22533.27
14887.558
36928.938
11294.316
14781.579
21022.035
18120.898
18000.91
18963.883
13609.699
13492.506
13058.896
19203.096
12103.041
18041.006
24365.832
14125.63
13804.531
25600.545
32151.842
15880.836
30581.127
16503.914
13827.438
10917.824
13657.985
23993.797
31673.44
19244.742
9540.08
15669.074
22247.658
18787.691
36100.598
14426.6455
12094.026
19838.629
21290.875
25708.111
10881.352
24304.855
8661.44
15747.545
14751.2
15710.173
16390.883
11137.534
23261.07
13709.093
12421.629
15758.395
20618.908
27486.656
13423.655
21630.041
12061.62
14368.694
18052.863
14438.636
13322.392
12926.683
12500.11
14368.317
17230.916
12255.482
17088.424
11215.078
25955.42
13495.198
20555.379
19023.67
19685.332
19784.988
10670.412
14731.773
9357.689
22247.354
20657.178
17688.293
9143.441
17016.014
27339.742
11573.603
9659.377
14953.745
6652.6846
17275.25
28756.238
29466.432
19873.92
17032.807
17353.5
34613.848
12361.336
12577.374
12911.279
8730.321
14099.571
20386.38
20637.389
18987.068
29944.963
14159.283
26857.826
11189.563
14744.722
15315.988
12371.419
20993.885
36076.695
14561.332
11689.38
13457.607
20435.232
28012.9
12327.077
18247.664
19523.674
27852.904
12687.471
27986.41
22017.572
13846.289
15996.054
23863.854
20726.273
12379.742
21171.754
22804.7
24963.717
27362.191
18476.877
12672.907
27367.805
12945.543
13925.163
17080.473
23261.777
11409.799
11863.049
10374.344
16826.941
16646.82
17718.154
24903.793
14037.267
13815.367
13988.299
8543.803
17968.469
12554.661
21075.473
12152.001
17760.39
26017.596
16824.146
26348.604
23167.523
14304.217
15870.953
16167.464
12638.276
14027.372
17719.938
14808.513
8031.923
16043.992
16536.34
19819.652
15818.233
23958.18
18170.328
13615.18
20307.025
19045.898
12016.342
14412.72
18990.285
18561.98
12867.614
14313.013
16934.855
21093.215
21862.896
15418.781
25792.23
22373.967
18718.611
30574.738
19344.828
22853.434
22984.148
19505.611
13784.483
21221.592
16442.768
10726.939
17947.348
13174.869
10390.145
17685.031
11700.6045
9127.285
16691.732
18950.604
13881.1455
13025.474
26885.701
13787.404
13943.92
16622.62
32172.168
22451.16
13460.94
17488.46
44226.344
17204.162
17311.492
28301.54
14954.701
12994.987
17006.354
24722.422
14682.929
14279.615
15443.791
14066.125
27956.816
24335.63
13175.487
15649.018
13313.891
21789.572
14676.477
39869.145
9264.885
16427.383
18396.592
17316.129
8493.319
8540.56
14938.761
21859.62
22682.207
14105.891
14683.132
16999.348
15913.877
31544.357
19157.9
34420.47
13423.188
25427.172
15899.446
23737.518
13632.896
12909.239
11841.281
36617.805
19195.291
13530.616
14738.313
19364.197
36778.695
15731.013
19916.412
15776.018
6795.7017
16339.15
12848.979
14756.704
13065.627
7869.8
20129.846
10494.104
15600.757
21928.63
16422.223
30550.117
24477.984
27363.3
23596.639
16356.285
15632.125
33362.402
20492.492
13925.848
12349.22
19607.248
19382.91
25845.902
13473.792
16363.906
25818.61
20206.504
12522.172
22616.941
17097.934
19729.342
15775.202
28519.871
13623.738
10616.897
23750.953
9013.486
15213.424
23588.666
12111.96
22888.021
13441.943
12498.001
16088.866
19767.021
28374.469
20535.729
14630.476
19776.916
20910.014
13411.896
23070.176
18670.084
12584.383
19974.098
42645.812
15294.665
12418.865
15322.596
15404.678
20147.262
16589.025
41158.676
12846.282
17327.547
15366.104
10495.695
16621.0
12646.692
23722.516
12999.264
13869.815
24492.412
14537.805
19985.965
35120.586
21976.826
14126.398
15293.615
12161.707
16858.146
15237.025
16561.506
15852.362
41964.246
23135.041
18365.18
7759.2695
14064.082
18452.54
30521.477
22226.701
21777.055
10530.607
23522.104
28130.922
18380.234
12666.191
13453.921
15560.497
16120.233
18103.66
17893.078
12768.206
19413.379
10312.779
11503.591
20422.295
16453.021
16535.998
15082.611
13659.774
15251.907
12087.597
24537.04
27675.566
11216.719
15237.088
11353.54
30644.521
24704.285
10577.436
21213.768
15989.718
32506.398
20575.896
13908.519
21018.402
13598.191
21787.605
19422.102
28873.475
13076.402
19044.695
12330.286
20559.41
26535.4
8378.095
20659.447
9382.613
9530.205
37840.375
13824.495
13754.153
14710.286
14473.237
15012.235
20960.182
12014.196
21855.021
16495.21
15474.231
12162.813
14788.327
16424.062
12996.829
13369.08
22824.447
19500.873
13824.503
18007.285
27341.494
22077.998
12670.173
34150.39
12064.285
18559.652
23084.254
14463.369
16106.403
15352.404
15912.219
12864.517
19870.412
23477.076
11202.445
22072.023
12396.967
30773.627
13863.047
12260.804
18408.527
21894.72
25458.266
24355.076
9042.887
22668.428
19142.195
15444.581
23158.537
14089.492
13544.652
12524.913
19596.154
17467.824
15624.569
21976.28
8672.116
20079.59
20552.762
13964.836
16405.98
23679.48
15426.521
19380.178
14946.634
14353.705
12001.953
12398.535
12277.771
11449.301
14846.801
24152.602
15655.796
15303.032
39849.965
23090.193
15397.359
15553.1045
21893.025
12169.075
9013.701
18717.068
17156.352
14693.779
18855.871
13667.563
16259.366
14398.342
35084.668
10589.8
27410.307
17753.166
12748.884
19954.5
11879.087
14478.146
20008.09
16823.5
31142.17
17040.604
20256.465
24303.887
21564.475
22976.643
13084.452
12765.004
10595.65
28977.686
12712.206
16285.24
11632.989
27727.902
8843.889
20327.434
16094.322
18009.82
10792.372
26179.977
31107.246
21319.727
13750.922
23123.18
28915.412
9674.156
27484.506
11154.796
18734.115
9446.735
12242.346
22496.734
19889.766
16070.458
14506.851
13920.3955
15614.963
23266.994
14105.53
21020.979
19606.344
15933.243
17275.447
19945.045
11328.018
20249.844
25012.146
16751.34
15640.971
12433.038
12179.941
12631.7
18383.232
21609.588
20590.377
21648.625
25423.33
14648.051
20427.479
15890.457
11509.149
17406.896
23371.28
13397.354
13221.082
14861.855
26934.49
19374.498
15047.966
23469.549
15057.256
14756.151
9130.534
20099.586
15318.847
11120.046
12969.295
12552.887
19720.605
14257.728
14781.727
24647.842
18583.904
24188.191
14322.331
18454.19
23794.002
14695.475
12798.362
11809.366
14057.447
12286.852
13159.039
10616.146
16975.857
15974.879
28172.248
14700.267
17349.984
14126.314
20512.67
21332.43
13104.326
26138.865
15668.412
28265.707
18061.256
19939.482
17611.145
45576.785
14575.457
24224.547
24583.701
11215.765
24920.12
13020.423
17462.588
17399.223
12913.243
12032.259
16428.566
18222.928
23763.197
12545.094
11580.017
19010.494
13832.117
11665.433
33437.93
25565.973
22034.594
12847.344
22262.406
21341.105
30882.088
20780.342
15158.29
22058.234
10374.855
14310.053
15376.151
27845.967
17764.28
11572.234
18743.521
17094.416
15684.184
11985.897
8841.44
14459.019
12089.745
17505.564
18334.66
19109.281
18892.154
13433.069
8885.885
19127.143
16859.32
15567.398
15664.868
13055.005
21061.94
14986.459
13473.56
16258.22
17706.752
13450.828
23177.97
22075.219
15739.057
11307.124
25157.545
10697.901
13273.347
15465.524
10292.505
12964.538
23666.352
34961.285
24199.963
17622.088
11353.953
27378.932
16581.168
11281.064
14167.68
11034.363
12934.28
14373.07
13253.927
19058.846
13215.362
17461.172
16458.59
14132.508
24563.725
13505.275
21370.033
23595.365
10539.122
18200.295
7558.805
21844.465
6708.4375
24410.215
19330.36
11562.2
12056.221
25070.844
13957.287
14354.965
21907.832
25771.807
13359.986
22735.088
5862.736
35454.11
23471.361
12850.902
12798.936
11244.776
17626.566
25842.303
19368.496
14512.38
16109.049
25639.508
12073.391
24282.178
18822.383
20509.02
19565.502
17095.951
10344.593
20397.926
13072.724
11345.634
19663.295
28354.047
15531.527
20153.145
26566.44
18959.33
37841.44
16272.661
27187.871
16572.994
23853.154
15238.952
13005.561
18236.184
18072.236
32791.66
14306.222
13013.391
14264.584
14562.918
19096.588
10293.773
14304.702
11824.765
34217.332
14817.596
15346.762
10149.986
12817.945
18509.32
21564.97
17644.658
12784.641
17843.945
13739.104
33542.668
23824.035
13513.386
20658.424
22190.266
40142.668
16123.845
23235.678
14712.004
12718.249
11492.465
20670.723
25070.615
15849.464
14440.529
9598.54
13973.899
12860.714
19709.404
19406.787
9474.489
14312.314
22918.506
15784.458
15495.562
27274.236
18480.06
22810.168
16137.492
18053.41
21558.654
22731.275
21714.955
12943.133
17371.799
9818.284
20077.16
39070.285
26672.074
37614.57
20298.713
14024.091
24168.809
23040.201
11894.653
13782.483
17457.379
9989.106
19954.48
13994.912
23454.059
10564.333
16922.418
12370.528
9067.6
12104.862
15521.6875
21431.02
43437.64
15935.889
13850.8125
19390.04
23561.14
14236.479
25704.287
16072.646
16780.254
17130.066
19021.055
20085.12
14690.779
18082.541
9676.178
13771.143
20742.305
8503.547
13945.17
11569.898
14159.965
13491.784
31013.332
10742.462
16020.981
21095.441
11899.781
35822.887
32386.115
20972.754
23198.043
12964.108
18989.56
8735.933
12663.779
33353.734
17213.084
37024.547
7162.9307
14013.09
19078.338
11397.383
22456.43
17734.541
17758.166
13911.628
14450.563
16602.322
20253.568
20214.898
20316.824
18044.324
17827.207
10297.928
23773.65
20723.127
15698.168
20847.896
16818.63
18426.102
14808.862
17297.793
22990.064
12515.859
34453.668
20619.742
10694.449
11643.34
15516.458
8914.213
15121.406
25360.062
16672.54
12111.605
12257.38
17153.928
12875.876
30065.975
11341.362
19866.934
22622.586
17336.217
20621.826
15110.2295
32469.914
30851.393
15464.649
19550.9
13148.163
14777.972
24723.61
11773.523
17248.637
16668.287
43740.92
16907.926
13419.029
14391.345
12942.28
22364.254
11270.639
24326.547
35770.066
11866.437
13740.082
13502.843
18571.422
14314.553
24038.59
13778.481
19069.541
18581.994
19372.773
36322.637
14147.542
13144.011
14749.532
25973.297
15947.012
12592.926
16665.803
9665.612
14520.213
23824.322
12887.271
36784.77
7753.2803
12434.649
28353.287
19302.09
15855.805
20705.184
7755.424
21566.203
22311.992
19554.482
11727.604
12873.173
12595.574
25208.646
11267.367
19194.996
19460.15
23869.69
14667.543
20789.451
17371.39
19029.613
18132.719
12885.03
8367.31
11750.894
18158.863
12881.628
12593.9
19770.148
16999.344
12316.788
18834.06
22516.193
17324.709
14647.323
6108.261
15571.67
32612.762
12494.515
17820.393
20909.662
19971.816
15535.041
17645.627
18401.307
21328.523
23416.537
22522.191
27494.86
11587.295
19182.47
14954.968
18758.96
29995.312
22376.742
15273.799
18434.941
18584.293
13199.64
15957.898
15645.655
13165.611
20144.744
15257.919
17169.914
11034.115
16493.854
13279.297
12932.61
19190.398
11857.071
21645.15
17604.873
19310.244
13165.335
17519.004
29217.693
18824.064
24159.75
16059.165
13788.395
17073.422
12587.374
24926.803
27978.445
15585.648
13562.129
29320.484
20854.756
12454.3545
15806.737
13762.7
20398.152
7612.2026
19245.127
11726.832
19235.627
18013.902
10977.818
9477.338
16801.367
12394.378
35497.652
16058.103
20241.627
15616.325
14692.318
24511.285
11722.357
18763.129
12337.375
19455.549
12645.63
19548.434
19793.484
18069.953
13429.415
10365.667
21051.572
18490.549
24441.24
20423.148
20433.24
20911.502
15462.312
25827.135
13832.912
23319.945
19939.371
22090.277
15258.012
17182.516
17584.904
14088.938
21089.105
8717.65
10099.53
14596.612
11960.298
19597.232
23038.61
14765.66
19003.96
40021.863
28281.203
18533.92
11046.719
29102.209
11962.339
25795.281
21470.363
14285.021
20747.338
22930.965
14648.695
16277.968
13169.867
20599.256
13944.259
21351.717
12126.018
13425.304
20851.182
13197.233
13214.048
11543.666
19626.518
11960.58
23104.475
11859.124
15726.97
21158.605
22090.584
34443.918
34325.55
18397.902
18082.348
17742.422
13816.967
25317.555
11171.391
12950.921
29192.666
17508.736
22915.236
17251.51
12668.551
17340.023
9164.696
11784.034
20582.639
8417.264
29081.96
9615.626
13390.646
22351.395
19259.111
10785.33
16696.049
16642.182
17123.168
21097.033
11492.736
14469.441
12388.601
19589.688
13819.112
21886.53
27340.236
15322.478
20410.14
24038.996
8414.867
12379.506
15407.379
10914.314
23142.326
29673.34
11391.755
25804.396
11930.756
11264.18
12175.445
30194.98
11385.228
10369.884
19902.812
11151.479
18343.572
33001.19
17030.893
26260.814
9172.117
23161.316
16704.217
18471.475
8695.381
13538.205
20350.41
13104.431
20157.771
32646.129
24090.326
13079.235
27290.918
13197.354
15481.82
19710.107
28407.521
14720.018
23657.596
12233.296
20156.705
18744.33
23202.703
21980.273
13149.194
22750.47
22016.453
21074.111
10915.838
12908.891
12363.354
30087.346
18803.135
33996.504
18802.668
21008.785
23814.637
13562.742
16131.181
17604.879
19192.303
20740.025
19912.395
17495.953
7043.765
42535.9
17023.979
15363.666
11867.632
13360.595
24642.727
12096.763
14376.786
39581.496
24409.578
23958.096
22451.9
12445.445
18808.74
17910.844
14255.824
14748.373
14438.218
12099.446
12893.968
18079.646
15509.881
15514.504
18580.145
27021.807
20161.412
26751.998
12387.963
11797.8125
20347.41
18360.35
23529.36
18472.846
16234.874
22097.299
13332.311
35235.523
12515.421
20368.16
16624.229
16382.87
23002.523
22602.617
17480.035
13231.824
25827.521
13702.197
19506.355
16418.545
16270.039
21288.691
19445.406
16748.744
22421.75
26479.166
18002.37
20078.344
25217.998
11793.601
13687.337
17815.803
19793.842
21688.361
8862.737
10683.9795
18429.094
30646.127
12007.462
10628.169
18956.379
14102.574
33667.625
19511.193
18283.262
22299.89
30466.984
19590.973
22677.049
15264.394
11721.62
17936.025
12548.591
18108.621
14018.364
20616.393
15473.061
19136.7
10402.925
13100.823
12722.527
14350.719
19056.975
12238.453
11076.046
42201.793
24884.57
19569.496
19460.338
14863.556
14894.232
24842.291
40612.766
8834.719
15377.7
17718.473
12561.956
18758.371
13814.41
26189.582
19570.305
22318.404
13412.863
11451.544
13002.256
23143.621
18270.318
19643.986
12744.929
13484.555
25732.76
23153.777
19816.762
41961.137
29227.686
17614.732
17906.824
21028.23
15528.532
22420.738
18196.021
15630.801
25155.258
12316.846
14862.512
13180.278
19187.008
28925.559
37782.0
18289.545
13150.854
15470.078
11712.088
14800.546
12202.885
23001.266
14935.892
20353.363
19551.998
23270.268
9013.759
18004.611
22766.012
21918.482
34423.5
15587.049
12779.85
17626.584
12855.491
22796.156
10354.4375
13144.97
13002.52
16092.856
12422.207
10516.493
22062.951
25156.863
12135.233
25327.219
25219.07
12804.051
12770.5625
20924.383
10104.775
14098.373
18606.781
14441.168
16004.565
30594.232
23235.025
16676.215
16995.24
12305.595
10659.605
15525.222
17139.268
19983.693
24847.492
11977.923
38349.445
19541.451
19892.717
16015.219
25765.254
13811.266
12949.295
9900.218
17751.938
13199.106
10545.38
22629.125
7819.5977
17903.639
32174.855
15133.0205
12013.411
20905.45
19288.85
13320.276
15224.897
16208.052
12810.608
15117.075
16990.877
12285.245
10594.433
30746.75
21324.693
19489.076
25638.936
17495.941
12780.884
18793.254
23595.277
27574.303
23687.562
14631.202
10759.278
11550.024
8344.824
11981.653
10871.6
34653.695
15669.709
23474.625
9909.981
41419.633
16258.307
21753.426
20292.943
19863.45
17204.049
20176.027
13335.23
12531.549
33132.746
13287.103
18699.592
22390.38
14913.227
18228.6
12511.298
14776.223
27700.783
16859.059
14753.349
25701.178
17493.559
18022.93
20258.152
19132.645
16002.492
8341.355
15381.092
14854.417
12524.456
20917.734
26680.473
10390.778
11596.751
26896.412
33182.42
15693.715
22557.33
15609.757
12975.603
17726.568
19069.17
16393.266
27578.176
15664.962
11134.673
14250.009
15504.724
21763.533
19191.531
49083.508
27660.385
12069.56
13759.945
18548.457
27410.148
12096.507
11751.694
13186.891
19089.605
31408.387
16376.1
28947.562
17337.271
12513.426
8629.971
10912.981
13318.638
14216.15
11168.898
23028.342
29585.64
16748.373
5099.1733
24758.75
15984.09
21386.352
18084.188
22682.23
15620.186
23380.053
26700.51
17630.475
13685.613
27100.791
10816.466
19160.736
20698.725
8054.0522
21737.771
20049.684
14177.627
13782.752
18675.059
11823.706
18391.383
10694.324
23854.908
21689.588
17138.188
12394.771
9915.534
12161.72
17430.217
28313.723
29426.676
7969.4854
15248.288
15256.52
12637.07
12840.536
26441.348
27298.8
24520.607
21139.191
15290.581
10269.588
14742.701
13758.946
19262.08
31415.52
12957.948
18874.229
12858.918
10947.944
13034.007
18159.787
16909.055
40837.21
15153.5
13619.679
25168.562
23645.973
26143.781
10012.285
15079.986
15244.514
13068.794
13340.615
18422.584
11970.241
20511.629
15299.167
20162.303
20759.281
22338.691
10753.94
27602.69
16835.53
14190.957
20218.191
27148.664
11008.144
18544.129
11076.875
21762.9
8750.904
30218.244
16112.303
15423.056
10391.196
16741.871
20793.295
26236.193
22011.271
13967.869
24255.162
23259.055
22353.395
13933.623
13082.446
18521.613
16055.932
20216.865
18616.627
22258.1
14872.646
20090.781
17056.486
17028.281
18189.602
15559.564
32818.215
20323.14
22745.523
25909.404
14200.962
25818.006
24460.781
28639.803
14787.751
13167.088
18134.158
47771.605
21009.535
12747.07
9419.219
16512.65
26835.295
21526.578
15988.339
18023.457
14594.93
18486.545
22022.947
13623.999
12681.18
14472.711
19450.46
13813.917
20443.654
15376.071
19695.941
30180.201
19703.225
40878.043
57673.57
14375.305
23168.842
14955.806
20639.527
12916.0205
15175.215
18780.146
21958.842
24051.154
18001.8
19025.926
22421.785
33057.113
21883.45
17822.092
21107.148
12630.645
24372.707
17855.271
18764.953
18913.291
14831.027
21008.824
40402.305
20578.252
15924.646
19647.705
12771.817
9647.233
29318.527
21036.906
23345.682
16152.817
27853.291
10133.46
12946.942
12338.894
16965.371
19969.55
17125.139
13710.269
11393.394
17687.748
17380.918
22082.805
17093.959
21053.803
12526.242
8929.341
13019.319
19962.629
12461.081
16752.143
7872.086
13050.211
17132.795
11811.08
13292.099
24483.617
16542.072
24171.545
11683.803
12703.772
9433.974
18317.807
16850.209
13604.382
20063.592
13875.041
11181.25
21290.906
13558.256
18339.803
15389.875
22787.67
22482.367
34839.773
19140.69
18834.688
8242.056
16302.868
11822.484
18435.066
18178.305
15737.558
11947.664
16467.04
20860.717
12164.832
18735.326
25532.203
12036.697
15941.845
15731.495
37669.656
11679.583
12897.571
11226.672
12456.952
16310.116
17953.666
14739.135
11265.224
20961.523
11606.075
17236.006
13667.6045
14458.481
15405.504
13569.799
15625.019
23746.473
17857.34
25992.514
15070.979
19688.559
14927.458
17735.277
23027.822
27881.588
27005.293
13232.737
24294.832
21893.25
26540.322
17116.434
15632.316
42591.52
16526.107
12926.522
10320.858
19089.912
24785.729
13061.43
13293.195
11795.747
18547.506
15401.966
16559.398
21936.541
18961.992
12767.183
19175.895
17904.053
8469.656
22200.945
15749.698
12432.34
19652.896
22119.393
17351.115
21253.8
19047.158
21643.803
17038.287
25737.025
13379.745
18958.205
20787.54
14889.055
16983.482
9835.024
22810.828
12355.843
22162.732
13976.6455
13665.496
40911.76
17618.982
14675.164
12269.305
22682.0
16774.479
12891.963
13112.158
25223.03
20070.773
20085.273
30541.771
13233.474
15363.997
12286.308
14676.598
13665.357
14269.883
15419.346
12067.741
14886.0625
18919.113
14589.157
31817.81
22964.65
12142.43
13569.507
23440.945
18518.73
19979.432
7932.4277
17508.188
13383.611
23345.379
19332.383
17654.436
15381.548
16039.81
14294.099
20827.193
11897.739
21101.25
16887.035
15726.126
27158.78
25625.2
21515.107
24399.428
18041.623
12092.316
38324.664
27638.129
12142.199
15606.892
14083.37
9721.266
20403.174
17751.166
26962.158
16254.153
18855.234
14367.5205
32012.346
18487.543
12066.422
20111.398
14618.829
15286.41
14972.341
15222.821
23003.217
19680.084
12160.208
9825.983
23869.262
19479.93
19624.617
7114.4185
11182.663
13634.2
32049.236
18321.012
16262.388
19422.162
11542.558
20993.564
13024.2
10417.428
27037.092
7314.2363
13710.385
20010.621
12650.078
29658.574
30237.303
15462.731
14052.389
18063.709
26507.035
9398.75
11975.533
19943.96
23648.938
14159.55
10976.05
15119.09
21142.506
20205.62
25099.234
26433.703
17755.76
22292.592
14128.983
28873.871
15898.882
13635.38
22964.076
19648.643
16828.412
13263.172
12450.003
12692.736
16740.875
21522.848
10011.473
24198.85
22278.303
21869.848
6966.274
25054.072
20637.023
12580.507
21802.426
18559.967
37466.93
10002.72
11770.058
14566.525
18917.445
15376.554
18178.719
12133.656
14522.709
28096.863
13927.002
24218.572
23678.047
16343.4
10663.881
14382.83
12723.715
14290.059
15506.798
18960.246
8029.7876
20125.168
13125.131
25313.227
27025.01
18866.701
18996.98
12762.847
37036.016
19881.018
23115.385
31036.26
17812.736
12819.28
29166.416
14735.923
26820.508
36873.023
13034.869
14628.805
18631.344
16350.104
17887.387
8320.429
25764.518
13898.773
35719.777
19153.066
12936.791
26912.342
12105.004
13492.386
18065.879
10986.977
14987.662
32458.623
17897.172
22584.375
24087.443
19100.576
15089.907
8673.712
19522.115
38454.848
9492.552
17081.287
14558.961
14417.895
25699.932
24913.469
13526.977
20005.906
17342.357
22679.19
11230.807
11189.744
16288.69
19830.215
18462.768
18320.762
19901.535
31339.281
13009.884
9113.29
12336.239
25050.498
20514.71
17485.121
19544.945
6960.9946
29673.557
30327.986
18133.188
17907.11
14612.81
16189.688
20995.291
19103.918
22998.117
12825.369
22121.26
17849.473
27149.916
14043.116
15241.0625
15750.644
22140.014
24786.836
22105.822
13311.571
18698.125
20102.818
18006.72
28587.432
17259.535
16203.956
27076.088
29761.033
19463.494
8762.1875
25233.652
16072.458
20593.158
19318.953
13174.185
28168.654
23858.398
15525.92
15529.329
10920.112
19177.82
20761.648
10724.57
13036.619
18055.02
21892.36
14243.79
15886.532
11767.743
18947.229
31221.871
16292.101
18860.648
20065.373
16548.232
12989.294
15708.685
11358.241
17580.22
12202.703
21916.414
19321.176
19000.018
25313.379
28335.078
12763.918
16339.084
13195.339
12401.269
14216.699
15292.497
22534.574
14302.436
22641.188
20591.518
13646.422
17539.6
11052.382
20001.836
23436.98
14018.696
14611.834
21381.152
16432.76
24664.674
14423.09
13938.786
14593.894
13488.118
8572.451
12938.313
13575.084
25235.684
11524.54
16654.93
9684.664
15649.595
14764.315
19412.52
12266.775
13509.675
18680.22
23705.178
12664.207
28801.594
8313.766
13683.972
19292.584
13962.525
20136.928
19027.992
25318.475
14292.974
12553.274
12577.886
21482.695
18647.078
20224.121
11956.999
18742.74
11815.851
24253.568
10489.3125
14119.389
14442.933
12837.072
16966.42
14019.23
21552.314
17333.13
36212.535
23349.014
12591.508
20929.027
23228.2
12335.96
27653.666
13036.846
9874.083
51945.28
32426.44
13280.58
15061.822
31130.584
20053.787
13143.414
11545.071
19664.041
28141.125
21495.826
14507.321
20304.01
16740.012
13394.661
28294.936
14164.885
13604.331
18853.264
17174.246
11596.831
15983.481
13867.163
22542.139
16461.992
21058.488
27465.47
10302.401
18407.652
9614.4
12839.612
22024.45
16664.504
16722.8
11993.956
6573.5244
42817.27
10613.289
20144.93
29339.361
12161.205
20602.627
14601.457
11008.719
12380.25
14546.422
16065.662
19194.096
13626.238
13008.917
19134.82
12764.971
20662.068
37103.156
11685.23
16257.768
25389.404
11113.395
31184.598
14004.304
12409.683
18520.387
20605.068
14045.841
15910.746
18640.025
12915.215
14457.615
19748.838
18704.014
16431.662
15514.981
18791.305
18577.342
28830.38
22425.164
9157.762
14937.658
19465.006
25322.564
12383.429
14754.337
12901.557
22351.588
7940.252
15316.397
15185.103
20269.234
16586.4
22297.129
12349.408
13801.041
21301.674
14389.195
14778.774
11911.617
12601.319
15015.693
19214.951
20014.553
19616.809
11661.382
17081.385
15178.192
11262.96
15301.865
13439.798
16907.512
17395.828
20092.45
17452.902
13687.909
13391.485
24008.686
22741.963
29762.225
13830.14
24388.787
31953.814
16703.584
22584.838
41529.61
12904.841
12966.573
17786.717
15504.624
26871.273
19252.318
25280.51
16104.481
55049.027
18088.297
25584.096
11478.984
11452.558
16322.393
12860.528
16358.105
9942.386
16224.013
18271.098
10126.362
16804.92
17408.273
17076.406
8112.348
10323.489
16439.129
26895.062
13906.068
12491.827
12581.185
10864.196
14030.799
13593.765
14984.884
10370.513
23881.154
20561.305
18718.445
12012.302
14299.76
18582.37
14664.853
12965.605
12558.098
10725.158
21212.523
27570.43
12310.219
12815.711
15685.435
19432.623
17993.615
15594.271
17448.492
25049.756
26917.79
21927.475
15082.704
18931.807
22994.291
17338.75
28997.408
15395.317
23541.758
22279.186
14505.449
9524.864
13319.624
12139.4375
27865.857
14570.54
12238.418
9754.4375
22577.67
12284.825
12629.049
17887.223
12732.335
11999.21
8687.081
11447.502
16887.004
21595.572
32851.367
22659.1
19890.771
19371.574
19860.498
11744.738
15258.7295
25094.152
27607.172
15035.1875
11959.128
15767.514
20068.549
14158.7295
19724.111
17441.47
38393.094
11363.193
21070.922
18874.404
23732.586
11712.429
17055.762
18366.797
12954.917
17732.79
12659.785
18844.97
13498.411
12743.681
14351.34
20389.658
30984.123
21044.324
14300.058
15518.969
16478.354
19742.436
19394.797
23925.828
25669.543
19803.809
19928.344
15717.657
24541.67
19080.988
21096.828
20471.264
40055.438
14206.618
14594.357
11203.827
10184.539
12159.838
21773.635
18487.22
13592.143
14417.318
46373.83
26671.67
15162.458
10802.295
21733.168
23885.455
44409.066
13182.68
11832.957
10192.26
12851.917
29814.123
16289.842
18994.89
24666.037
14909.593
13965.708
22898.533
17173.74
9946.453
12214.523
11753.575
12091.285
21945.771
16331.921
18720.129
17227.729
13601.829
15485.121
31708.643
12606.981
23745.39
39642.87
17380.418
20338.219
26920.168
25595.293
12267.143
21972.059
21300.47
34088.723
35892.906
24060.098
14143.117
19780.137
13003.914
15538.159
25407.477
19738.93
12200.784
11239.14
20419.725
16247.811
16147.96
35726.734
17571.404
29257.658
8876.955
21449.752
16437.129
14209.184
13614.685
17030.057
7322.7554
31803.514
10016.748
17316.762
12369.045
18727.45
12950.254
20190.82
13375.8955
22461.13
21227.68
14555.669
15846.41
10335.552
10720.838
18928.81
22345.842
15319.148
17764.63
19195.367
9887.073
19821.916
15915.486
12607.548
19430.846
18884.52
20023.078
20884.611
17321.273
16665.387
16501.967
8310.409
9556.365
10791.713
12628.435
12896.563
15686.667
11874.66
12843.992
12193.537
39611.38
12745.148
18829.037
28742.623
19827.486
32919.188
14017.428
13379.283
19708.713
14804.334
31152.488
17514.582
38442.125
31435.145
10905.218
24638.727
16621.47
34901.895
15929.1045
16745.518
14397.862
22640.414
30705.064
17696.043
34937.31
15053.116
10147.472
10911.199
12214.788
26763.77
13102.422
16551.139
26805.982
20437.64
8071.8604
19690.799
20871.95
10807.359
16708.871
13187.576
12359.772
14068.715
12764.211
39141.55
14160.359
13079.076
23867.795
16195.511
12427.576
22429.016
18981.008
14328.997
20055.418
18173.174
19241.303
22460.787
19667.307
21562.39
19080.895
10268.164
28394.924
26030.139
16843.117
36195.195
20258.92
12983.89
16742.246
14899.793
15838.403
20613.824
16838.691
19601.95
22867.4
15554.742
22150.05
16638.652
20915.0
14639.242
29493.783
17043.373
10731.538
11825.086
20238.125
16970.967
22991.486
22550.451
15196.63
29343.385
20537.834
14780.597
20917.795
9317.075
30252.418
8364.908
23328.023
8447.669
13995.381
24494.066
17632.178
15575.871
16885.164
31390.732
13325.159
19757.402
16434.938
23407.99
20865.424
12789.566
20838.01
12796.05
22035.441
36986.24
14576.718
13168.402
15101.596
24912.316
11986.209
8957.497
15147.229
22579.33
14059.847
11508.997
11927.342
9329.622
18827.584
12998.333
20523.51
20312.205
15376.068
15222.416
13528.938
23331.361
36946.69
12768.383
16034.3125
11581.321
20107.652
20121.465
21253.54
21391.564
7765.135
15367.567
16448.512
28655.959
14659.279
19474.58
8180.5127
25738.686
15185.454
11918.907
17339.008
10903.033
19058.37
24689.332
13230.957
24358.582
21859.26
16070.025
18539.18
12417.097
19469.516
18405.36
18270.92
46446.8
15841.389
7566.2256
20263.875
19634.25
13241.324
13690.097
13714.473
13201.85
11611.611
12522.409
15489.89
12607.304
11651.381
16459.021
12061.213
14064.729
35694.105
24791.273
14861.204
11957.058
10941.912
19669.057
14248.485
16631.467
26420.701
14648.733
18292.928
12505.793
16066.992
13569.171
9657.689
14511.546
13563.837
15418.41
12347.289
18910.395
13574.606
16719.162
13797.442
14858.319
12988.295
39735.49
24097.162
12589.254
26102.908
34400.832
22262.848
24610.217
11882.458
19391.754
23210.416
12344.375
12531.818
13279.143
14395.202
20104.17
14961.383
13193.664
7150.4795
17617.693
9818.033
13020.123
29420.281
21767.834
17429.023
14572.915
19976.723
16973.768
15675.284
16326.537
13342.865
11048.481
10208.982
14334.445
23038.965
13171.786
21702.24
44362.652
22411.482
33866.45
10114.883
13490.6045
31330.047
17464.625
15650.011
15634.345
12861.065
19241.416
14274.849
13544.107
15717.313
20997.68
18904.871
39066.043
41006.52
13525.574
25448.006
13085.301
11434.022
16779.992
16615.408
12469.847
11480.804
11569.326
23436.115
7851.7124
14193.982
21168.107
15086.518
24935.496
13700.193
18842.068
14673.785
16074.3125
18555.58
13103.429
10451.438
20494.016
12279.994
16356.416
21097.697
18162.152
16146.529
8289.185
19311.416
12271.392
13585.755
13824.2
28667.334
13812.772
15352.004
14692.276
10534.177
17437.361
30750.604
8747.565
10539.549
20444.732
16451.29
11331.512
37441.875
15008.607
22097.09
21179.3
19291.307
30318.703
22010.336
17764.244
15641.948
11724.639
13808.747
19404.73
17914.797
22615.537
25441.852
7228.228
19074.742
9383.212
14332.384
18198.31
21301.377
9740.975
13584.813
25605.162
19250.584
14271.593
22296.617
12382.751
23786.7
18844.848
22255.441
20276.377
14007.306
22899.393
20881.766
15813.027
29775.812
12941.977
13273.805
12506.994
12777.75
20717.148
25920.348
14587.186
19596.014
32068.646
22375.14
19579.676
29058.977
24223.598
28840.398
13321.732
18697.602
21886.686
12600.9375
17712.719
14337.973
12354.731
10950.533
19526.885
13499.09
18745.27
16128.521
13901.143
13859.989
23327.729
18894.133
13431.902
20053.81
16148.826
15130.506
17963.854
22869.764
18988.324
12079.932
30192.043
17478.87
14472.165
14961.76
14073.5625
12303.92
15977.082
27934.293
20652.736
22585.25
15238.933
12149.961
18843.977
20265.479
12331.636
12656.3
11046.428
13874.924
12233.214
13922.539
14660.211
9281.293
13399.51
16160.414
22175.635
11654.368
9629.702
17752.986
15985.521
16031.7295
23506.99
36725.547
16056.596
24905.408
13492.3
22138.191
19105.885
20803.373
15082.174
16671.4
20791.92
22970.824
18142.705
14655.177
33269.613
12128.946
14554.729
24368.559
8968.199
14137.826
20917.54
19629.332
13055.643
16943.928
12327.997
9386.217
22819.559
14565.501
13668.265
13751.374
12197.793
10940.47
13256.817
14755.822
13555.467
21916.988
20608.973
7794.948
13084.214
23059.467
12512.908
19697.324
24641.855
32317.008
20878.191
20280.324
14385.443
15289.996
17883.443
22429.193
11963.096
25109.928
14909.775
10747.325
18386.2
19230.607
12751.611
23228.338
8391.251
12652.238
18286.271
15492.358
17223.875
22332.994
15841.444
21648.604
15229.059
14634.105
16704.48
15536.138
10502.084
16593.73
18390.088
12499.028
12519.039
15649.203
17464.88
18621.482
15806.42
18453.48
23480.38
11588.188
11338.778
18502.281
21807.1
12365.502
24230.914
27879.637
16315.443
15166.331
14719.955
16356.86
16081.563
14217.849
22682.635
10429.028
9975.092
18093.14
23972.432
27273.896
8794.993
13727.408
28440.691
14324.944
19176.625
15439.008
13523.977
16955.123
15572.5625
14539.022
20251.805
15594.217
11249.162
30917.904
13037.265
19824.832
10474.156
19830.584
11504.081
10797.956
19059.406
17591.22
13883.504
15212.28
20375.506
14541.224
20537.793
39774.773
14519.076
11625.93
13531.529
9073.485
33144.715
26472.81
15808.793
16613.91
21033.664
16752.465
13018.078
17262.562
17908.066
12582.596
18883.385
16734.146
10000.031
27516.371
16406.938
14181.651
19391.848
14084.952
20123.21
15434.841
12895.161
8598.697
13882.503
12069.978
18480.496
23436.75
26334.014
12452.662
20917.922
18749.59
18983.742
30614.72
19933.156
23449.803
21860.512
11898.24
15490.199
14428.737
20404.092
21097.639
16041.497
26870.783
17166.879
19380.436
12317.35
22057.525
19783.629
28960.73
19657.453
15817.374
13706.043
16074.556
14239.608
22312.71
15493.442
21477.057
12634.892
21840.096
13697.849
17068.828
20902.617
20185.885
17956.887
13064.751
13192.289
19474.9
21209.059
21508.922
16312.789
31056.277
12994.02
18751.455
34359.37
19206.816
20309.867
15081.829
23319.822
16381.751
15029.285
12146.087
11952.301
14068.889
26887.504
19680.84
16527.39
12963.264
11183.67
11712.57
10013.922
25965.014
17161.693
17674.102
20195.95
10326.064
22937.457
9511.046
21124.55
14317.01
14191.978
12341.573
17983.643
15065.019
28681.13
20630.717
13172.246
19199.395
21526.5
18656.863
12493.076
16035.333
9386.032
25637.744
25555.902
12223.127
30653.07
19598.7
48536.395
18294.633
11551.921
19119.463
12588.868
16680.58
17138.719
13078.019
29587.996
19081.902
13244.352
15293.301
20571.266
15899.577
27659.201
14854.621
21476.988
11662.176
11487.08
8891.907
12862.12
30413.207
15031.646
20918.459
16227.28
13216.108
36475.047
11767.981
10867.812
20930.102
22720.898
17704.246
11785.0
24457.74
12528.619
20494.158
17132.053
11870.965
16470.957
18727.168
23842.578
12681.728
18417.502
26580.123
16090.086
16872.951
26519.93
11467.922
11796.33
20249.943
35639.42
13431.501
14935.88
15985.862
10504.853
9961.365
12877.246
19153.71
11170.419
9268.711
20093.633
25715.451
15515.554
19449.078
25984.465
21714.15
9245.448
23182.88
27854.652
18120.412
12645.334
21150.15
12820.798
18742.977
17025.498
5941.9956
8902.59
15212.101
17101.271
21613.773
13352.609
29013.953
28872.814
22741.062
10219.24
8759.596
12628.651
16979.648
23076.559
18769.379
13400.194
11979.336
10056.711
22517.012
16450.398
15913.642
22959.812
12213.191
25358.861
14204.436
18533.809
18750.385
19507.006
26097.6
18602.705
14987.131
14779.252
11688.959
16893.559
27842.459
20668.402
28854.17
24331.66
17216.324
24742.973
16367.565
13831.393
15585.064
10936.889
16619.68
15111.091
25445.143
20174.57
12653.095
18633.582
15098.947
19809.258
12977.286
12317.8
15583.788
20039.562
16185.951
24708.602
19307.977
16825.96
12047.812
19445.346
19101.256
18359.47
24154.293
18966.402
12172.751
13045.176
14818.083
11598.235
15211.7
13883.73
18641.85
35734.598
20421.586
12584.676
21090.56
12134.245
18180.902
13884.412
31921.871
9083.795
42746.4
17220.814
11138.86
21114.537
25619.664
8974.449
16663.404
16922.896
8219.926
4932.861
12216.599
25792.316
14587.69
16198.911
14448.438
17739.07
19372.846
13904.854
27167.312
16712.78
13486.235
29096.154
18576.227
12677.901
20151.2
14330.621
16535.69
17664.902
19364.344
18224.777
17221.836
15650.593
25098.773
15442.355
16740.193
20652.945
12032.865
10244.221
26353.867
16063.563
17397.37
17475.357
13340.793
11718.378
16902.63
8290.565
22150.545
13418.45
12991.613
13774.836
14560.074
20334.467
15278.701
17569.062
20044.77
24243.535
12398.153
12044.048
26861.344
15563.066
11130.744
12502.641
26556.77
14028.857
19233.145
12775.838
17165.24
16611.307
22409.408
13862.806
22844.61
15285.755
17863.293
20728.12
10131.998
21656.303
13877.78
12574.13
26136.395
30084.22
12702.204
20837.975
12016.569
16617.264
10219.652
24968.88
22625.395
13109.702
14593.582
24435.64
18435.396
20922.44
17613.473
17909.965
15175.653
15357.142
11284.668
14730.893
18518.852
14735.638
12164.818
14495.402
26953.7
21065.838
14963.832
13405.404
23863.736
16585.934
20881.305
14371.683
16989.734
10683.356
19195.229
25770.688
20947.09
18992.81
22730.545
14715.109
17603.672
15133.8
12802.512
21750.465
9112.847
17675.527
29295.395
19394.084
10993.623
11870.011
24627.574
27266.383
18293.582
11340.061
13205.282
11959.773
13073.147
14195.726
18124.762
26554.367
10989.726
14955.217
18917.42
14295.758
11704.048
15304.979
35020.945
13312.721
12556.191
17955.484
41363.74
23340.777
17261.35
10889.678
37464.125
35995.555
12253.959
14464.312
13615.0205
18496.125
10695.962
12669.722
14193.548
16762.092
11438.95
11648.588
17072.127
20668.127
29731.957
16781.139
18471.621
12729.186
12423.226
12761.417
19768.486
24507.209
30701.998
14981.355
20783.691
37036.234
26049.477
32826.703
30171.162
39371.504
24448.266
13150.322
24244.498
21944.33
17552.371
24889.8
34457.85
16185.297
16961.725
20571.932
22519.492
8741.241
25275.674
27970.951
12587.911
14212.972
12093.644
16714.803
11764.363
16469.121
16941.197
19487.424
30963.68
16824.332
23221.795
11491.823
19087.559
28809.246
10698.603
26509.803
13452.275
15882.677
11414.375
22901.555
26098.814
9100.889
21228.7
21747.861
18234.969
16127.196
11016.881
18488.342
14653.652
10176.69
30631.443
17441.402
13097.936
22489.953
12917.187
19340.135
10326.547
17820.445
17713.479
19067.719
24607.043
25460.957
14323.791
15815.176
19773.63
13144.955
18611.018
17385.15
22266.102
23567.494
16133.97
13599.52
28326.553
12851.062
24882.756
22014.088
24131.025
20222.877
18137.125
23431.564
15294.718
19340.682
17053.402
21350.996
15322.258
15188.775
11748.867
11896.099
13432.326
22177.604
24254.295
13639.067
11884.187
21552.717
20828.654
16374.992
23795.406
20891.635
20642.361
19429.566
29619.695
13080.872
21901.707
28031.605
19592.316
12270.788
17463.91
10606.767
20096.416
13563.392
13238.821
27325.402
21704.512
18288.314
15250.525
29133.344
9703.055
19198.89
29635.746
16443.67
17300.021
25981.846
13294.609
22361.717
18441.547
23212.062
10479.808
8692.976
12754.663
13397.142
14474.941
12120.432
34605.14
16481.455
19642.738
21676.38
20059.06
20428.316
13650.594
12679.837
12323.895
23615.225
11743.156
22478.066
11717.503
14611.072
19240.963
15109.877
9301.191
12225.724
20864.102
22169.666
15820.617
20637.898
14138.818
24703.58
14139.128
24824.318
19997.723
14448.078
15519.227
23982.656
21175.625
14521.319
13195.583
10149.789
12067.936
24181.861
19747.133
23828.375
13278.774
18548.09
15935.225
15076.58
16671.662
15533.705
9553.672
18962.457
7857.121
12371.069
26169.455
18366.207
22383.654
20206.338
13824.882
34110.902
18599.14
20933.959
15159.165
14595.446
13203.723
20965.877
23673.916
26774.395
15659.991
13962.042
27091.547
8986.02
12962.275
16266.744
21343.342
28766.816
24718.201
14661.564
10882.671
26164.08
20438.3
13101.589
10231.447
22022.137
20881.41
17860.234
15754.142
14352.346
14928.848
8460.798
14802.979
20032.852
14403.587
34178.816
9278.623
11818.608
27991.383
7037.3003
18115.498
20646.713
12149.903
20892.465
15694.918
12171.046
11092.852
16885.158
17465.486
25458.354
19416.082
28627.502
11626.001
10459.51
15209.011
25186.998
11719.805
7779.3853
20842.027
20634.521
17136.836
21989.227
17509.574
10021.828
13047.085
28118.95
56439.91
23317.428
16310.043
11454.924
21841.488
14915.634
10384.034
8961.864
26415.094
18279.527
19211.11
27541.441
24040.875
16129.548
17048.707
14234.436
12111.931
27797.736
11095.175
10860.063
15117.97
24329.139
23447.867
16631.729
13953.66
20950.113
15878.963
13260.225
22688.754
12831.32
30880.305
24754.691
22551.19
15098.372
17896.076
23888.39
19007.715
13555.315
9399.211
10897.767
13318.393
16809.95
24952.111
12174.822
15211.63
19637.86
23537.152
13247.477
22814.553
24140.27
20394.38
17767.818
24020.547
16307.459
12778.536
11137.866
12258.991
18552.38
25014.402
9651.2295
12912.872
31076.809
9422.827
16345.501
16200.815
18732.191
19821.127
20942.291
11018.682
10854.6045
15493.801
16587.242
20877.814
16160.788
12483.272
19658.65
21149.426
16019.29
16945.262
10121.051
22515.379
17630.717
22945.855
13786.075
10607.486
14207.339
19724.09
11990.426
24141.117
13847.883
21038.596
31017.014
20068.88
17845.75
17381.682
17016.662
19914.924
18217.95
14278.275
11666.782
14957.807
19232.566
12471.548
19273.342
14581.703
28140.312
15726.393
32632.525
29778.912
6359.129
13972.004
23095.92
13759.082
32238.498
19518.893
15262.407
19922.262
35404.26
16457.555
12621.171
28739.385
12103.688
8008.929
13157.293
12161.338
14528.494
15265.905
15457.28
13546.036
29026.13
13238.545
16049.317
12961.29
15187.623
23678.61
16394.91
19252.598
19448.248
23445.123
23697.09
13495.782
11975.619
31245.656
34839.973
16583.066
22135.115
18452.926
15381.646
19131.232
22295.822
20849.477
28802.82
18911.447
17313.186
14923.498
15059.164
47638.36
12261.458
20311.33
28058.277
13230.71
10875.68
20396.537
17668.1
25398.785
22991.488
7948.4097
22786.82
13648.457
16320.398
18603.584
13566.243
31228.125
12041.587
24127.164
14097.411
18629.596
18056.178
14974.547
15791.117
11821.179
33262.445
22548.193
16241.97
19464.209
22934.844
12967.999
19848.479
29051.777
17867.48
18990.113
8698.999
32536.375
25876.197
22513.629
27627.744
16930.41
20593.37
21009.95
22769.334
11342.8125
22716.953
28279.791
16054.668
11303.871
16239.67
21244.701
22295.53
17421.574
12050.901
9490.299
14059.651
17636.385
13770.796
11698.727
18511.975
22608.326
14919.62
27755.893
19124.828
15633.063
20408.514
21792.145
20794.43
22790.65
20442.633
12196.149
33833.34
16922.111
16054.27
18234.43
24166.697
18775.73
26212.656
19950.162
22628.861
22940.465
12221.783
13733.899
16193.476
14050.605
21710.262
22587.6
14407.622
19512.092
30720.877
16246.33
16296.087
34463.05
12470.385
27792.896
26276.328
12393.732
29384.953
16899.145
26057.662
10676.479
23319.79
15700.155
13251.235
17007.408
14527.47
11262.071
11716.601
17080.121
11892.128
22464.861
16056.253
11881.26
23193.342
12998.278
21836.395
11386.62
18349.32
13505.191
23958.262
17960.205
21805.182
15002.882
21628.908
19207.877
23578.658
19436.66
22030.865
12323.757
13354.607
20462.662
13275.71
26570.35
22313.361
11036.307
23798.137
15352.183
8200.579
27897.041
13227.024
16901.512
24089.818
8461.473
12791.809
14089.141
20987.129
14579.538
13232.959
13317.487
14346.933
11986.457
13865.885
20007.025
15357.522
18988.535
12604.768
15125.64
13501.467
11421.985
15413.687
21533.904
17942.674
30049.525
15731.42
21870.484
15405.883
22361.902
14131.604
20257.586
27370.678
39988.613
26009.318
28109.758
28567.521
17772.188
12456.523
25387.297
29427.105
20506.938
16932.707
25984.031
21524.5
19885.756
21531.783
13031.957
22036.03
17378.549
19116.13
20879.002
13353.252
12661.548
17850.709
12661.895
13763.569
29630.746
14222.992
16196.457
18138.564
21546.465
19432.139
19867.281
8130.725
12650.51
13901.23
7600.607
8855.158
15874.044
14990.386
35695.85
26578.861
21062.441
13046.682
18820.625
26198.967
17372.297
24939.979
14921.046
14149.082
25157.207
44141.152
12272.975
21538.62
32126.148
23681.186
16854.799
18282.133
27487.734
19947.02
11990.723
16848.922
19864.887
16348.515
11481.038
18028.213
19087.793
28305.303
13860.878
9240.413
9930.916
16139.191
13664.406
25558.764
14408.776
12281.835
16801.773
27483.754
11404.329
23116.809
15980.462
16511.496
20389.457
17407.377
11055.317
17129.33
17485.727
16035.252
17408.076
21614.69
31459.88
9424.285
15182.999
20536.525
10698.147
23813.31
30910.71
19125.068
17552.268
12082.344
15846.882
18495.5
26658.445
13514.603
21561.006
14359.655
19900.26
21479.463
12886.679
18243.27
14733.209
22514.809
18323.701
25282.955
32869.555
13462.212
18280.014
23424.844
25637.783
17366.252
14665.528
19539.373
19125.469
11329.214
11138.841
21288.502
18403.729
10475.934
17587.941
15422.378
12240.176
17810.291
25336.703
17413.068
20210.574
8749.084
12260.543
23501.031
13339.517
17960.354
16108.191
12257.326
21060.818
21869.395
21573.156
21374.37
25413.021
20152.143
18438.227
15896.07
15612.885
20308.852
15298.09
8756.581
16396.336
16937.951
13254.827
13559.057
15222.719
17700.771
21558.633
26491.36
16827.436
21008.283
21661.059
25482.15
21462.436
15999.829
18604.775
18395.184
15803.646
24420.145
8042.0303
10494.72
17732.121
23988.203
19069.68
19319.752
14296.766
8998.439
18210.918
10289.566
11492.42
12628.149
12692.649
9721.098
11392.402
22295.72
14795.059
21948.518
30844.826
8721.462
16348.291
31373.469
7554.295
13748.948
21745.553
19869.627
14221.96
10228.125
21676.0
14300.465
13471.9
31020.291
18418.197
21247.016
13546.592
42025.977
14313.016
20050.111
13535.773
40884.664
19227.625
16619.164
17866.113
14660.86
14701.689
15875.812
13828.934
11371.112
24077.646
18660.414
15995.447
22061.488
26995.99
27071.406
9577.6
12831.1045
8425.363
31886.295
25438.383
18822.06
20697.771
21233.494
12494.424
11153.899
18731.756
13422.6455
16989.668
18722.914
18704.594
15254.76
12811.965
18337.256
28216.701
24250.283
16094.649
25368.945
24645.023
25771.342
16042.906
15288.566
9363.659
13327.373
11918.924
24424.125
15847.2295
10546.407
15503.2705
20972.111
12321.989
14331.315
18572.066
34853.418
12972.925
32520.303
23860.346
22577.3
16705.822
14307.1045
10512.403
19872.143
21284.766
21670.533
16207.583
19462.64
18537.824
15675.114
13434.193
12681.7
26591.275
14820.718
13984.454
11297.129
22044.61
16047.34
18000.777
17891.504
23224.926
24932.129
19755.922
11370.121
29311.537
17984.22
14087.581
27924.389
11511.053
18226.912
22004.268
12549.624
17670.498
14869.01
18755.184
22157.834
18475.73
22817.35
18945.209
12575.81
17187.248
23477.383
11571.376
13029.631
13404.903
16326.883
15284.633
14376.175
16002.601
21291.834
15333.552
16895.527
14997.307
17131.61
16925.707
23503.844
13177.302
12471.631
15452.134
21166.012
20191.223
13859.167
20001.672
13176.668
15882.192
19492.814
24235.594
17867.422
14487.753
7905.568
23126.883
11027.069
27636.436
19592.719
14922.636
15667.31
13839.835
19967.037
15775.749
13220.605
18748.826
33216.71
17588.443
13655.99
14878.184
19929.143
19204.771
16548.797
52617.86
20771.725
18426.332
22775.984
17856.006
26047.37
22346.994
19071.3
11000.419
9879.2
21320.025
12148.959
17440.68
12432.511
17395.295
12070.635
14822.324
19330.914
21953.201
13704.442
22220.629
15528.622
10339.751
28153.44
30659.605
20770.818
19542.434
22473.715
9973.063
15861.557
16430.588
21478.36
12605.668
11602.087
21606.922
16804.602
13093.122
13653.083
33653.984
16173.166
23710.32
29552.287
12827.352
21791.703
13756.596
16936.494
18547.12
19841.65
14517.968
16318.609
24805.107
16299.341
7513.7236
16722.996
19108.555
13086.552
22374.246
14646.258
11961.811
12955.616
13994.571
16623.217
20747.914
11064.857
12599.272
26981.627
10111.241
15291.272
27614.86
11577.355
12391.686
12753.03
11588.65
22517.762
18416.611
18376.729
10819.745
14553.193
17556.984
12494.887
30838.58
22668.209
12874.149
13066.173
32000.928
14078.231
13040.557
24279.805
20154.53
19129.963
28378.475
19965.498
19687.047
34943.086
16289.363
15851.858
27761.918
15038.751
23019.035
20157.283
19394.023
22289.963
15661.164
14949.323
16201.951
22479.96
21373.793
24659.893
21397.613
12825.238
10080.368
14040.227
26207.014
17354.254
15898.637
29326.479
15262.09
16758.354
20546.414
12149.904
14329.269
11561.411
17996.133
26035.91
21058.492
13891.287
11096.438
11964.156
5778.318
14187.838
12346.441
9347.978
19127.686
19391.268
18855.4
23043.564
10796.082
18261.578
12989.126
12234.727
19074.277
21097.6
21273.385
21241.588
12851.226
20595.607
22980.8
20785.91
15246.81
14390.759
22270.85
10824.5625
21143.402
12028.455
20905.336
12108.508
12076.517
16335.028
26820.453
31741.607
18546.406
9117.425
20359.787
26718.29
18983.172
10712.838
11412.005
23955.887
23325.26
17816.998
24668.373
20300.844
15868.426
20867.799
19026.326
32425.844
11528.854
13604.388
11975.956
35648.863
26140.434
22931.846
15764.777
10886.043
17758.344
11842.973
16132.203
13544.193
9933.262
9127.637
11684.697
17830.191
20265.66
18606.357
12093.649
22573.35
29311.807
9215.656
23398.443
13929.477
35262.42
17161.344
24473.418
18325.844
9654.774
19591.637
12783.991
14492.691
18623.656
36990.957
20028.977
20357.479
12594.111
16159.522
19172.084
20785.285
18739.795
24135.914
14201.311
18143.686
17890.004
14234.037
11622.065
18895.654
18212.947
8897.23
18733.127
19504.4
7619.4966
19001.414
13642.29
12480.56
16064.628
10369.102
17010.193
11335.423
20242.436
9456.764
13461.315
16793.732
19667.84
16756.953
24515.203
25600.656
15262.578
17470.28
16536.043
11887.42
15844.887
17957.79
19046.365
23229.572
13399.41
25456.744
19149.121
21362.127
12996.138
15465.761
26638.174
13159.645
24882.184
27140.004
11423.585
12889.303
20396.87
16689.926
16148.662
19207.943
20640.768
15573.163
20101.277
10530.001
8081.9907
18684.848
13107.65
12032.311
29097.219
14954.972
29778.498
11908.524
12503.153
14191.2705
18501.828
21675.328
15620.364
12012.256
18868.031
25711.777
29059.322
8134.8984
32832.22
14876.77
10502.47
28517.873
14603.052
25454.186
43100.797
12444.106
15451.142
12065.674
14937.649
11041.639
17869.545
15071.045
20075.021
18950.58
30536.188
11149.477
16772.95
19756.8
23356.588
14627.488
26525.701
20462.047
22273.088
15320.003
14884.559
23891.652
9308.739
20091.572
22784.016
11435.342
12904.992
20695.057
36433.137
29366.918
22296.26
13003.946
22347.75
23900.166
23645.488
12000.871
15690.088
24115.518
17384.49
15781.87
24035.178
15541.452
31733.152
18241.742
14215.0205
12144.566
23205.139
17807.69
19634.498
22422.371
16160.849
9749.455
15742.698
22063.594
32015.322
14940.107
15191.701
13334.377
18480.064
31256.496
25261.152
22546.053
12223.077
17208.117
10863.253
26383.178
19522.676
11636.074
11201.803
18451.021
25612.404
29922.605
14884.468
23161.541
20603.08
14288.543
9124.536
10581.377
10606.151
40665.04
12788.515
22387.773
22547.55
16195.098
19280.549
18521.09
14652.22
21635.543
15564.198
15209.871
12123.581
26163.094
9002.475
11094.181
19066.277
18924.023
13448.418
20001.979
14331.054
12888.956
8621.993
19507.723
21893.523
14314.975
12414.883
17759.28
14048.0205
13249.92
23048.0
15051.048
22174.137
18237.18
25583.564
18008.264
20129.215
20267.943
11888.859
18792.867
18680.25
21316.934
22111.627
36626.13
20012.986
20610.154
8974.591
9739.785
18704.594
25296.154
24090.398
15511.814
16348.462
22722.436
24199.977
15874.902
10076.783
12316.633
12379.568
15209.1875
16400.48
13034.172
14609.944
14914.011
19423.797
20328.191
17905.193
18010.701
18543.244
17481.314
20512.39
10196.595
14235.175
18428.992
14336.858
17809.293
12918.428
30072.207
20128.91
19650.148
34645.355
16207.697
17807.273
12398.349
20248.85
12768.189
12835.455
9268.0
26711.457
14413.3545
17917.926
11501.728
14160.085
16496.242
35513.22
13072.413
28658.979
16976.281
17146.254
33157.41
14660.278
15658.129
32699.918
23640.914
14064.455
14892.101
16614.719
20607.746
28367.033
11206.415
18115.785
22222.672
18492.746
20744.928
19842.314
23459.738
13496.993
20868.547
9878.643
13672.192
17809.217
15728.106
20466.57
12042.68
20063.688
21805.68
24392.584
11833.242
34839.47
12990.296
18613.955
20383.0
16816.242
31639.87
15894.199
13300.45
29170.9
14264.013
32414.996
11524.945
11195.034
23266.848
18272.75
15215.162
13400.04
18808.06
17089.338
14388.149
14562.133
19993.06
16093.181
15219.697
12411.279
13034.108
20369.807
23479.834
24176.246
21355.797
20484.174
10887.613
8726.224
20258.06
24472.318
16448.371
24639.514
12656.889
23494.184
13592.736
12983.13
22250.344
12445.198
11520.097
16009.101
14503.367
14645.339
17546.87
18658.854
18765.244
11347.431
23658.584
13075.108
9792.427
21653.104
16354.234
17074.545
16627.91
35588.33
9167.419
24349.752
13741.274
15423.736
20217.32
18704.588
7881.0513
19974.613
22862.965
17336.459
31429.836
11922.188
16445.14
12696.99
13728.404
13718.788
34321.965
17190.291
25641.328
17126.277
9023.797
16200.739
18479.111
21378.6
49228.133
13011.796
12980.539
12558.098
22134.916
12590.892
13482.524
18254.846
17046.414
26097.531
13118.834
10744.153
11854.424
13561.293
17281.85
33724.797
12881.723
17209.758
21605.793
24618.676
11885.61
40788.793
25255.432
12126.508
16654.727
14788.736
15493.132
11612.592
17470.488
7892.5996
12410.651
17963.135
16966.08
20163.053
14899.131
28978.076
19071.805
13856.724
41321.652
9432.403
29205.432
13943.256
11534.331
24221.9
16985.004
9294.214
17177.334
20456.04
35415.008
20982.33
12147.018
18776.307
12458.487
15963.214
8356.774
16658.598
21596.93
22939.805
14345.953
9397.835
23431.69
21103.93
15678.55
21521.096
23984.945
23087.615
13741.827
12592.448
25015.895
14013.851
19192.373
11614.495
45645.14
19090.875
13130.468
13292.579
17845.537
14743.908
22168.195
17532.457
17018.883
12626.342
12732.529
11384.704
19530.922
13652.142
11375.328
12891.582
31457.916
18254.215
22619.246
15628.885
19114.848
18453.889
16010.644
18936.04
16042.235
14093.419
17171.08
20791.508
18989.291
15330.403
12510.472
20354.123
16413.06
17099.572
14084.875
28842.855
16326.158
17925.805
17063.42
6985.945
13494.522
16764.357
19988.23
27349.668
12998.048
15953.953
21588.188
23785.625
23028.918
8147.9844
20506.578
14076.533
13219.031
26257.031
19290.494
20736.246
20843.268
20779.838
11154.082
22498.105
21790.398
26121.266
17022.227
15063.948
9106.971
14302.686
20925.268
19179.533
12829.957
22772.793
24337.148
23060.75
14358.958
23788.373
16054.216
17166.764
20231.482
12795.498
22509.121
11606.057
11268.827
14795.688
11072.997
16429.307
11184.719
25731.22
19449.104
18920.623
21684.014
16601.59
13610.89
22446.514
18776.25
14064.765
18423.66
20012.916
21528.854
12550.841
26327.479
14517.0205
16317.459
12767.553
19432.354
24830.166
29345.62
29132.96
30344.945
13122.211
15884.035
11407.985
25377.182
15352.703
20614.357
10453.391
25695.477
11639.827
19809.516
18615.744
14877.233
26073.15
14877.971
18621.324
18720.371
13758.509
14923.26
17454.287
23393.73
10383.895
14522.019
23783.684
31994.146
16382.041
14527.471
35112.566
14427.595
12887.848
12216.566
15492.312
8689.83
26225.521
18801.574
12408.151
35917.473
19311.105
24772.445
20754.63
25816.307
13491.305
12195.8545
18948.852
20592.355
14139.584
35622.03
38421.08
19618.857
27181.094
24592.88
12362.504
14926.661
47019.367
16465.62
27464.584
24645.209
9465.819
19915.068
15024.14
19088.828
23563.129
17231.547
17190.436
14599.0205
20166.85
15653.008
9670.74
36516.133
13244.3125
40046.31
14191.142
22559.496
18740.355
28101.553
14823.421
12626.549
23709.174
24960.326
10618.246
37549.25
15042.634
27117.43
16053.385
13747.89
20989.525
8168.0815
14883.63
19773.44
22261.787
13048.108
30086.781
18749.299
15730.068
22496.756
12351.942
17668.838
22068.69
15240.167
18157.771
19271.045
26638.703
12488.206
14320.727
10408.915
18734.777
13057.61
12836.819
20355.742
13536.697
14372.559
11073.185
21103.158
10088.708
12266.913
24762.121
16482.477
14613.164
12153.641
23871.238
11161.267
15505.943
12102.743
22125.922
19869.283
14135.777
32459.707
18041.084
21806.512
15152.901
19651.49
11292.713
19731.383
12472.235
10807.82
14584.927
13751.467
15070.587
17967.613
19257.34
11437.803
11624.774
27075.137
14848.621
14039.483
34840.188
19148.893
17043.56
20258.06
16790.236
20282.045
11503.577
23627.281
21289.535
12487.535
19442.977
17680.705
13753.998
26521.06
12210.905
29360.361
17057.908
18885.47
21903.562
23870.373
20644.766
20112.707
15580.508
21138.373
12521.738
16655.957
9289.977
16838.916
24078.006
21262.648
10018.104
15199.025
14899.335
25520.666
13143.577
30054.863
21042.223
12132.258
43710.28
21684.602
10343.435
38145.348
14111.338
24524.486
20698.21
14829.255
36399.19
13651.697
13218.55
20224.775
15378.641
16956.799
9795.786
13233.28
14928.749
15070.3125
8928.769
13105.206
23859.924
20245.895
14575.353
22939.287
31422.105
22540.768
8137.583
14466.937
14145.893
25528.812
12868.418
12171.614
19408.732
12735.086
15946.799
15763.608
16947.967
16476.72
14687.9
11938.752
25153.611
16564.65
19319.256
11098.242
10428.4795
20148.988
16909.146
18072.074
19394.857
10991.204
27221.605
9414.947
15930.909
30155.336
15342.775
14502.902
18775.979
27196.568
17862.11
21632.389
18870.652
7809.6807
22432.793
24332.947
15852.168
18064.203
15063.955
13015.698
12439.181
15069.705
24746.33
16027.124
24980.77
12374.057
15312.055
13896.871
27885.547
5865.2876
25315.174
12961.94
26437.47
19563.49
9413.392
13387.485
15316.479
21859.72
11942.508
22924.207
12876.2295
27142.643
13680.6045
13831.026
24827.146
13736.229
22968.615
17779.87
21342.295
19914.973
18309.791
13489.057
18420.635
18131.008
20064.102
12602.055
17503.057
9109.023
33126.445
11923.532
28557.625
24314.486
20027.637
12437.824
34288.543
20137.709
20036.605
14717.632
14513.036
21261.225
24363.129
23317.035
21451.918
20725.057
17524.842
5447.964
17882.006
11222.694
26014.643
8680.193
12300.1
13266.819
17031.91
12209.641
18143.762
20220.162
28177.355
16500.98
12764.751
30900.172
19284.945
10419.153
14920.08
19443.72
16639.695
9647.624
21499.963
14147.667
21130.521
21600.92
18206.492
13508.587
23394.656
28820.871
23986.467
18084.477
28893.596
19781.883
14574.744
20505.912
17837.174
17625.312
21564.816
12438.403
19453.818
20874.82
20382.736
25020.453
16501.861
16194.76
18976.129
13523.341
13509.244
15523.776
11392.676
18439.412
12473.719
29411.615
12465.574
16427.791
11329.314
30815.979
16822.412
19173.219
17846.008
19046.67
22473.602
13310.222
36695.562
32973.727
9955.109
12838.717
13910.865
16441.09
19669.148
10483.795
19433.35
16858.67
13833.336
11774.184
21592.664
23904.13
17040.02
22769.717
20012.67
29274.611
6979.945
14485.231
12360.723
16909.592
12785.864
20368.047
10696.13
28055.668
19495.154
18449.102
16872.838
18984.764
11983.558
15165.05
24867.99
21716.371
25128.361
14123.216
13881.3
12333.497
14767.713
16599.45
23665.305
10863.771
19931.273
26706.273
34780.52
13250.765
15956.118
17326.04
16418.795
29742.521
9912.907
13151.622
20672.828
19809.016
26136.508
16462.914
20542.822
30193.031
26888.51
26341.043
14346.126
12369.334
21247.654
28298.39
12104.965
14963.932
12019.962
8787.377
28758.18
15903.057
6758.33
14592.787
12308.143
13363.396
12335.253
25560.373
14336.671
13817.419
18612.662
14533.4375
26981.0
24044.902
8932.049
23074.43
18932.93
26642.098
17838.729
9982.93
25105.76
10906.223
14077.126
12574.996
29739.209
13676.531
15764.921
25638.889
15972.659
14006.301
12892.616
20746.414
9889.495
9927.707
15362.556
19991.377
15574.285
19456.158
22888.127
19622.34
12750.599
20222.682
13930.597
18855.197
14234.085
24799.287
18907.4
12265.683
29061.42
21497.756
15196.143
21670.17
15161.163
22026.012
18712.705
21761.8
24510.592
12271.731
13430.75
25781.75
33672.23
25214.055
12583.742
12891.482
19722.447
12394.413
18398.924
16003.526
27593.998
13403.499
11548.915
20443.838
8700.115
10923.107
21533.6
10422.21
12638.237
10728.081
19900.758
17077.412
19897.812
22177.648
33659.004
15162.047
20086.37
10536.813
8926.351
20693.443
17106.602
19579.492
33798.3
11669.28
17639.111
24798.426
24589.096
12964.175
12084.142
15263.522
12173.501
11981.213
21831.053
16267.326
22377.363
12278.667
33615.23
11965.6
20312.086
14746.974
21723.002
12080.263
28159.645
13217.053
24939.139
22770.684
18370.889
17441.752
10245.065
35932.758
9567.091
12078.36
17785.334
17510.178
22671.16
12281.527
6297.8916
15332.762
13592.966
20877.271
16197.8545
19286.83
14334.021
16081.3
13682.951
16482.465
11442.033
9230.938
17445.928
15462.736
12659.439
11150.453
23072.773
31686.11
13721.319
19364.566
13848.389
9275.193
18573.887
18922.926
22676.96
16444.686
15818.918
32611.588
14156.67
21476.643
12638.014
32594.57
9842.451
23910.492
13394.088
21188.414
13968.972
13265.266
13399.62
13316.433
23088.88
18596.414
21497.6
12813.197
17700.977
14733.118
11892.673
17340.537
34693.15
17971.98
25492.895
21089.826
22505.227
15844.997
11619.511
8174.175
16959.729
25167.402
12262.789
10336.984
12390.433
23031.78
14838.367
20527.068
8582.013
17858.748
13769.509
23993.822
12288.413
19307.297
15168.958
18361.105
23056.826
14980.284
20070.121
24230.361
11297.908
16987.01
14442.137
19740.424
12653.954
16793.48
18884.996
15519.954
16218.4795
17017.71
13394.486
17802.828
13298.87
9622.295
16834.74
23663.455
14816.228
19719.146
24414.32
19997.43
17267.113
21766.328
17274.781
13972.348
18411.17
21292.57
33857.22
20282.037
23144.744
12939.849
20106.209
20783.396
17158.154
24145.918
23954.41
17245.695
18598.146
36622.66
13534.22
14127.394
11651.4375
17240.209
18147.44
22415.383
11051.308
9451.89
15898.525
26388.078
10555.556
11764.065
17834.611
8840.512
30755.79
12877.111
11606.694
16515.182
16167.187
17732.266
11936.396
13469.126
14267.517
10879.089
15548.441
14970.348
16168.33
10896.837
12178.867
19326.18
19991.656
12982.273
34461.95
21705.766
23106.982
18203.121
19696.82
20135.373
19938.234
23694.402
14174.65
21112.812
21879.588
17710.805
18363.797
14100.988
13784.888
26450.78
23449.81
11110.487
13639.48
14877.232
20437.436
19426.426
24804.834
13759.466
12731.927
9021.066
20845.416
30710.557
18705.535
13330.923
23408.906
8967.269
12891.639
14248.559
19983.027
22523.783
12470.356
8544.795
15851.485
25621.281
24742.857
25860.045
18784.33
16151.266
15521.795
24153.686
14037.482
15698.387
32870.438
14038.718
21076.922
23675.002
20431.281
15120.179
9427.312
14153.649
10648.675
14453.132
15280.619
19150.559
12629.018
17988.773
11715.833
13686.025
12010.835
17820.129
13090.007
14086.231
10555.936
10404.627
10008.798
13609.512
24023.193
16569.832
12844.558
24343.678
23127.553
20194.613
13579.763
22909.11
30775.691
13100.504
12135.559
18152.71
12997.5205
9315.015
12473.792
17612.994
18167.832
20642.936
25433.447
14290.4
19040.156
15512.402
34213.84
14062.685
17776.771
15806.957
11429.404
13837.501
21740.951
19984.707
14155.081
21515.814
10070.501
11595.039
14252.413
10968.258
27897.63
23365.504
22442.967
16057.331
30999.723
20230.842
13561.239
32140.447
28771.273
12660.53
15925.987
12183.923
15496.8
12440.861
10670.127
19231.037
31022.697
10659.231
18944.31
20218.78
25042.055
23900.326
15122.702
38064.42
15750.421
16221.953
12780.895
8592.865
17212.865
9959.844
13978.127
14710.783
15581.392
13144.182
28070.795
17507.807
28492.785
18281.564
22445.67
20756.775
23277.379
21722.541
18957.475
19286.053
12484.664
12584.351
12890.011
18723.973
14756.727
12156.389
11219.261
13552.989
15096.329
12220.833
21648.768
16497.127
22125.844
21397.697
20911.346
27035.41
12540.958
14783.711
15043.493
25022.21
19923.94
17172.09
11060.872
18429.512
30533.074
29517.717
12582.487
22521.928
14752.244
20085.201
41115.504
24044.805
19136.295
19029.371
22096.975
19558.049
19920.846
12022.474
10768.502
8311.03
14151.212
22690.139
13843.997
25321.496
22802.309
24658.998
21926.814
15897.17
13239.6875
15995.469
19581.047
15959.811
19499.137
8479.421
21346.73
14861.186
16089.612
17413.166
18928.182
15767.173
23509.008
18125.037
32567.715
10236.8125
21546.424
25852.98
20561.902
8822.099
14635.482
10706.887
10765.138
21549.947
18340.93
19194.418
19492.72
20644.76
18165.24
30259.648
18233.297
6411.614
27769.203
12515.518
15396.663
29785.158
12738.962
10731.8125
13166.888
13714.03
20336.72
17628.404
15370.427
20821.596
24107.225
20876.408
37802.418
13452.062
17324.064
14396.14
23878.217
10174.876
30414.74
19205.338
12883.527
30119.73
10676.549
25713.844
14483.733
9070.022
19306.973
20230.336
17212.348
23120.572
20892.883
12713.344
13729.4
25967.244
14732.971
41518.99
14799.847
24186.143
12652.508
14126.217
29905.604
12983.521
16566.059
12510.041
16072.741
15179.594
31317.664
28592.965
13442.381
19138.533
11609.445
13883.339
25333.494
32046.064
24089.627
17575.482
12469.629
19866.12
10754.724
10555.733
12324.934
14593.272
15557.276
7543.684
20161.424
14087.883
22839.008
13426.376
18017.775
18079.057
22831.062
14404.208
6884.2344
13414.507
12632.789
29544.598
14691.874
11923.178
14830.84
21853.867
21720.375
23537.377
31744.299
37004.14
10763.008
13409.753
20601.639
13732.095
13178.056
24466.688
15663.09
20352.098
10101.2705
16029.629
9578.464
17422.111
29544.703
16792.35
13611.522
21166.672
12776.554
17372.406
7581.815
21003.906
19629.389
14104.369
18649.326
28020.87
16794.396
18726.002
45870.848
26563.418
11361.363
16392.264
28242.945
17557.35
21466.523
12987.93
14687.091
14354.749
20561.941
21896.484
27544.229
13975.723
10264.595
23897.61
13480.527
29985.9
15584.399
26726.078
23679.164
37213.453
14617.72
24142.4
26186.117
14716.506
21246.316
16003.891
14219.432
12960.436
11355.894
26095.412
17923.344
14440.209
24562.756
21818.348
12380.979
18513.504
35131.58
12171.365
33888.83
30561.22
18757.424
22116.719
18632.715
13152.474
13126.444
13374.1
26240.041
14334.904
18909.537
17080.715
13402.399
26323.967
19850.207
28812.53
17412.441
17689.55
16551.754
19519.805
15394.065
12240.245
20308.193
17141.18
39156.16
13557.028
14963.265
13108.343
28989.695
24769.422
15087.387
16360.129
21789.377
19480.152
18916.768
22429.25
9976.957
19635.62
10897.854
24121.389
25053.297
14054.846
14837.42
15550.215
22453.924
21538.8
12175.786
22111.424
20319.953
11792.542
9630.021
12127.403
22866.375
21744.719
8704.703
14109.461
18733.734
14724.96
10284.828
14432.238
23656.049
21106.303
20299.438
12801.941
32029.291
13907.028
14000.291
23290.299
17677.365
13760.978
16418.59
21249.29
21493.672
14670.7295
13978.21
12878.887
36881.734
21656.875
16239.486
17908.258
12051.695
19573.307
16376.822
21359.316
17991.766
15124.72
11660.778
11333.855
19272.018
12180.788
17528.877
13835.795
33836.555
19518.684
19970.367
18223.033
18714.834
36992.89
13132.887
19391.879
23356.764
19637.092
9900.218
12464.144
25648.305
23955.19
19796.44
12417.224
21031.656
11723.232
16543.281
13823.479
13175.867
13355.618
16725.727
17546.21
16487.367
13737.971
14905.465
18013.688
12461.745
14163.108
15259.703
20692.889
12413.238
33167.266
13877.52
13212.437
19226.654
17844.613
19748.402
15483.371
22864.105
22742.82
30580.686
17823.176
19915.014
15343.082
11615.262
10495.67
12250.058
18287.36
17933.455
19001.832
14747.59
19544.568
18211.365
16964.68
12690.984
15446.994
14862.397
18133.596
13623.0205
26177.984
16318.265
24643.283
19737.549
19657.445
20618.139
17489.225
18796.928
13664.06
12377.459
11366.274
18223.734
9527.091
11859.867
14732.442
20098.008
17120.418
13196.762
22015.488
15770.218
19330.62
7246.7256
21131.877
24775.87
16521.344
12385.723
13261.891
16563.982
15533.886
20567.773
21379.027
12805.505
14125.318
11998.846
19082.03
9694.149
17350.426
9809.983
20277.139
20768.695
11950.131
19665.338
21084.572
13774.3125
9917.207
15121.489
11111.182
12958.818
30315.21
12200.724
28744.742
20871.11
11382.513
24689.488
22018.621
18255.984
16182.476
25887.11
12323.893
11751.606
14065.072
10671.403
20258.037
20611.818
20157.418
48220.785
28585.168
8447.204
15131.691
12787.414
40163.996
34302.082
17805.125
29213.85
20416.662
12904.954
28317.693
17301.102
15199.454
13400.49
15465.871
13319.51
17694.93
32255.844
16582.389
15552.108
46172.887
13761.903
18880.096
27091.863
15383.085
22887.969
13114.145
17388.803
20839.412
13958.852
15214.803
10385.551
22358.62
24774.455
16347.674
27166.234
16325.775
14412.636
17899.46
24754.191
17063.752
14378.09
8513.373
14769.766
12097.135
14442.013
13610.906
25308.023
12811.499
15231.193
14330.307
13258.44
13937.908
14212.495
11973.398
30218.03
15181.672
39285.516
21587.887
19672.137
23397.895
16336.283
20048.045
19974.594
12081.515
11978.043
21039.357
28062.832
19557.592
22201.346
15210.252
22399.352
22510.002
19209.053
17053.838
29577.25
21777.492
16861.375
11254.687
31991.451
14849.692
12871.451
26407.826
19666.365
35397.676
18151.398
10080.0625
12685.589
20482.332
34876.93
15647.889
15210.795
15404.632
12266.501
14138.517
20779.918
24891.7
15769.177
23666.355
12981.427
24357.512
16192.418
22679.469
23708.57
11245.772
17687.9
16806.371
14812.487
19534.89
20490.902
13545.349
26460.572
19711.326
38099.664
13763.41
14239.704
16467.098
15737.253
17330.168
19970.309
43357.6
33736.992
19050.062
29320.336
17732.23
22082.225
19621.451
15428.827
11917.469
14959.671
19518.162
16195.708
9474.81
21574.908
14898.007
22878.576
24785.885
14447.349
15124.8545
39654.74
15199.867
19635.309
9961.857
12501.581
19901.727
14983.416
17627.291
11188.201
16985.66
15610.913
11403.341
20068.22
52045.207
16055.848
14933.379
14384.437
14657.588
18696.094
20777.871
13774.577
30234.67
16126.361
16831.936
20235.07
15443.581
12111.7705
20063.467
21349.299
23909.773
20935.242
28689.918
12312.018
23033.236
12121.14
20585.635
15060.551
20810.084
13973.454
19734.764
14015.15
13644.969
23382.498
20795.234
11450.59
21578.855
11573.167
14146.011
19879.99
25757.566
13879.758
17931.328
13920.33
6663.09
15838.469
15667.58
25956.836
36319.06
22125.893
13238.967
13960.15
17034.564
28251.646
27726.244
17288.295
13860.344
13787.226
26504.111
46891.25
12717.816
12328.697
13578.4
12453.459
13758.11
28865.818
20223.207
21330.44
16559.91
17372.469
19893.043
11576.295
19604.184
14470.418
30300.115
9786.659
13845.598
14599.396
27017.004
31403.693
28084.62
17830.777
18981.057
12751.053
10820.921
30345.756
16579.314
10441.419
12807.767
25713.164
14882.455
10531.485
42971.9
13919.296
10198.77
14403.452
38712.758
44766.664
15771.1045
21151.61
15078.682
14233.654
14727.825
8998.456
20640.838
13503.836
42565.01
28251.752
13235.464
12684.885
29025.076
11013.319
15310.401
22994.182
22879.87
23513.215
25362.842
20028.037
22828.111
13642.536
15330.414
23500.176
11838.118
17645.006
28861.752
12787.039
12898.963
14230.516
15017.166
27373.262
20356.027
11043.782
11891.004
19233.9
23008.645
12813.893
16242.868
24843.3
35937.125
20300.566
35548.707
20816.748
14559.972
7262.203
18851.986
21655.508
22134.045
12499.338
16250.895
15408.133
11442.119
18527.01
26260.693
13055.892
23232.434
18530.252
21984.174
10325.697
13422.881
19478.266
19952.299
14364.688
15343.757
12802.492
12167.387
13516.537
24670.367
28128.652
12464.302
11794.546
12174.301
16325.727
22187.684
31055.441
20271.852
8785.835
17105.723
11378.119
18590.65
11918.082
7930.43
11255.505
12455.521
17209.838
13987.702
18443.29
18486.902
9177.64
17986.506
18842.64
23921.006
25072.648
33716.203
13593.517
12659.166
20396.49
15194.404
32944.027
14377.054
23219.197
8896.311
19032.85
12346.339
19885.467
24572.508
13714.246
20788.219
13427.061
33588.043
22533.525
17801.643
34015.14
20200.643
13317.834
11397.291
11948.981
14433.109
20780.66
14293.8
19955.553
23813.268
28119.352
29805.943
13141.467
24016.268
22705.04
14389.316
17590.951
19610.863
14953.117
15782.132
13719.758
17345.953
24019.664
11259.641
19557.625
32360.23
11421.174
30966.555
20216.809
19167.533
24729.676
13626.328
15729.067
19353.195
23924.84
19050.2
20950.291
21866.092
10528.399
11973.734
19620.113
17759.86
18847.996
13852.612
13362.366
16557.883
16431.6
19151.627
24710.652
7950.3105
15745.543
21458.365
21246.574
12423.054
15488.705
11706.445
20155.334
24499.896
23311.963
35823.23
17640.787
15356.825
17465.068
18763.725
17523.332
23373.129
12702.785
11587.165
22624.59
12700.972
25848.107
16283.535
22560.047
17756.406
27054.096
12393.1
11703.176
18836.627
21736.723
18391.588
16605.406
12328.991
19560.77
18729.24
10883.801
13300.84
10841.259
16474.621
20389.648
8509.264
13053.571
17309.332
21989.4
18910.684
43412.453
26974.967
21748.396
14463.159
24519.59
16634.578
20505.568
12546.927
16411.477
9394.178
12155.36
20509.166
11279.721
25583.38
45107.13
32996.02
17788.441
10518.557
11322.818
13215.962
28054.004
19969.879
15664.615
29939.152
13261.654
22054.902
21827.717
27624.594
33766.082
18260.414
14777.242
17891.334
10821.153
16991.795
20478.13
13147.109
15180.224
19094.166
21398.271
22725.285
12378.709
9539.569
13567.13
34874.76
16842.537
24342.361
17539.768
22792.77
15752.438
19583.246
14838.729
19324.668
16291.632
18563.8
13117.205
17445.314
22198.244
26397.04
14419.774
12229.3545
28685.998
11089.967
22347.643
15555.654
13793.21
17847.621
18013.357
25964.016
12530.017
12729.475
13161.514
22336.701
22147.877
16298.879
15499.292
21834.629
13059.795
9160.738
19783.459
11066.898
12306.768
12215.828
36443.383
12753.04
24694.883
16117.058
17998.617
15222.626
16222.313
15796.254
23163.553
45296.85
13550.705
11826.248
11908.976
19025.44
22492.578
9127.928
23395.01
13277.65
18882.936
11209.1875
26358.285
17845.467
16080.844
23820.023
19675.068
13914.817
36150.246
13264.053
17711.71
22126.412
20462.299
14744.022
11782.344
22197.893
23436.3
23156.389
11875.396
19420.59
16883.82
40234.223
16854.72
19704.922
16039.644
11487.061
19362.752
8359.114
11771.812
11058.454
12928.829
30605.195
20374.56
20514.75
21715.443
18437.906
12477.027
10800.851
13309.775
14969.429
18861.209
13527.898
21827.133
16550.492
14203.189
13033.712
12461.489
21936.36
16967.9
13109.734
18930.754
21814.598
17502.508
15695.154
8928.323
12326.429
14932.662
10283.378
23262.252
20487.262
22659.225
8119.975
19258.398
14991.248
20578.465
17997.533
21994.203
15572.304
22114.762
16393.918
10153.458
35178.12
19376.969
12834.645
13890.7705
15656.612
27860.914
34838.59
26090.488
21512.39
16055.73
13714.577
15116.577
24210.533
14935.608
15776.404
10176.536
26886.83
21251.326
18041.895
19400.295
9195.708
10422.658
18847.879
18488.623
23705.156
31757.445
13882.661
16419.229
13300.664
11924.133
14707.712
15135.357
7650.278
23459.143
9938.728
26897.977
14115.001
23220.668
15440.04
18697.707
19338.025
23068.504
17694.814
18974.422
15982.064
12050.598
25011.418
12345.144
